2026/10/02 08:59:28.863, 74.27, 1695, 150.00, 0, 59
2026/10/02 08:59:29.067, 66.77, 1695, 150.00, 0, 59
2026/10/02 08:59:29.267, 67.48, 1695, 150.00, 0, 59
2026/10/02 08:59:29.468, 67.48, 1695, 150.00, 0, 59
2026/10/02 08:59:29.668, 67.48, 1695, 150.00, 0, 59
2026/10/02 08:59:29.869, 67.48, 1695, 150.00, 0, 59
2026/10/02 08:59:30.069, 51.28, 1695, 150.00, 0, 58
2026/10/02 08:59:30.269, 52.00, 1695, 150.00, 0, 59
2026/10/02 08:59:30.470, 58.21, 1695, 150.00, 6, 59
2026/10/02 08:59:30.670, 59.43, 855, 150.00, 0, 60
2026/10/02 08:59:30.871, 59.62, 1680, 150.00, 57, 59
2026/10/02 08:59:31.071, 60.33, 1695, 150.00, 0, 59
2026/10/02 08:59:31.272, 71.13, 780, 150.00, 0, 60
2026/10/02 08:59:31.472, 64.54, 1680, 150.00, 58, 59
2026/10/02 08:59:31.672, 63.82, 1650, 150.00, 0, 60
2026/10/02 08:59:31.873, 64.57, 1680, 150.00, 0, 59
2026/10/02 08:59:32.073, 86.10, 1530, 150.00, 25, 61
2026/10/02 08:59:32.274, 85.60, 1680, 150.00, 14, 59
2026/10/02 08:59:32.474, 86.39, 1695, 150.00, 0, 59
2026/10/02 08:59:32.675, 86.67, 1320, 150.00, 0, 59
2026/10/02 08:59:32.875, 98.62, 1680, 150.00, 49, 59
2026/10/02 08:59:33.076, 84.84, 1455, 150.00, 0, 59
2026/10/02 08:59:33.277, 89.83, 1680, 150.00, 47, 59
2026/10/02 08:59:33.477, 89.79, 1680, 150.00, 0, 59
2026/10/02 08:59:33.678, 89.76, 1695, 150.00, 0, 59
2026/10/02 08:59:33.878, 77.98, 1695, 150.00, 0, 59
2026/10/02 08:59:34.079, 79.06, 1635, 150.00, 0, 59
2026/10/02 08:59:34.279, 66.21, 1680, 150.00, 0, 59
2026/10/02 08:59:34.480, 66.75, 1695, 150.00, 0, 59
2026/10/02 08:59:34.680, 79.61, 825, 150.00, 0, 60
2026/10/02 08:59:34.881, 87.01, 1680, 150.00, 96, 59
2026/10/02 08:59:35.081, 92.82, 1605, 150.00, 0, 60
2026/10/02 08:59:35.282, 99.28, 840, 150.00, 0, 61
2026/10/02 08:59:35.482, 106.58, 705, 150.00, 100, 60
2026/10/02 08:59:35.683, 122.45, 1485, 150.00, 59, 61
2026/10/02 08:59:35.883, 112.60, 1185, 150.00, 17, 61
2026/10/02 08:59:36.084, 111.84, 1680, 150.00, 43, 59
2026/10/02 08:59:36.285, 106.26, 660, 150.00, 0, 59
2026/10/02 08:59:36.485, 90.37, 1680, 150.00, 60, 59
2026/10/02 08:59:36.686, 88.53, 1695, 150.00, 0, 59
2026/10/02 08:59:36.886, 89.12, 1680, 150.00, 39, 59
2026/10/02 08:59:37.087, 78.87, 1695, 150.00, 0, 59
2026/10/02 08:59:37.287, 78.93, 1020, 150.00, 0, 59
2026/10/02 08:59:37.488, 97.02, 825, 150.00, 100, 61
2026/10/02 08:59:37.689, 113.23, 825, 150.00, 100, 61
2026/10/02 08:59:37.890, 102.21, 885, 150.00, 0, 61
2026/10/02 08:59:38.090, 109.92, 1020, 150.00, 59, 62
2026/10/02 08:59:38.291, 108.85, 1290, 150.00, 0, 60
2026/10/02 08:59:38.491, 110.72, 1680, 150.00, 8, 60
2026/10/02 08:59:38.692, 94.64, 1680, 150.00, 0, 59
2026/10/02 08:59:38.893, 97.52, 1500, 150.00, 44, 61
2026/10/02 08:59:39.093, 90.23, 1680, 150.00, 0, 59
2026/10/02 08:59:39.294, 90.37, 1695, 150.00, 0, 59
2026/10/02 08:59:39.494, 78.79, 1695, 150.00, 0, 59
2026/10/02 08:59:39.695, 101.07, 1575, 150.00, 95, 61
2026/10/02 08:59:39.895, 100.67, 1680, 150.00, 0, 59
2026/10/02 08:59:40.096, 101.81, 870, 150.00, 35, 61
2026/10/02 08:59:40.297, 109.62, 1680, 150.00, 8, 60
2026/10/02 08:59:40.497, 109.57, 750, 150.00, 0, 59
2026/10/02 08:59:40.698, 111.86, 1560, 150.00, 52, 61
2026/10/02 08:59:40.899, 107.33, 1665, 150.00, 49, 60
2026/10/02 08:59:41.099, 107.33, 1680, 150.00, 0, 59
2026/10/02 08:59:41.300, 105.49, 1485, 150.00, 100, 61
2026/10/02 08:59:41.500, 105.38, 1680, 150.00, 0, 59
2026/10/02 08:59:41.701, 108.48, 1665, 150.00, 43, 60
2026/10/02 08:59:41.902, 93.93, 1680, 150.00, 0, 59
2026/10/02 08:59:42.102, 103.62, 1590, 150.00, 56, 60
2026/10/02 08:59:42.303, 90.35, 645, 150.00, 0, 59
2026/10/02 08:59:42.503, 94.78, 1590, 150.00, 59, 61
2026/10/02 08:59:42.704, 85.76, 1635, 150.00, 58, 60
2026/10/02 08:59:42.904, 86.71, 645, 150.00, 0, 60
2026/10/02 08:59:43.105, 86.98, 1680, 150.00, 0, 60
2026/10/02 08:59:43.305, 78.72, 660, 150.00, 0, 60
2026/10/02 08:59:43.506, 81.92, 1665, 150.00, 52, 60
2026/10/02 08:59:43.706, 73.76, 1680, 150.00, 0, 59
2026/10/02 08:59:43.907, 93.86, 810, 150.00, 84, 61
2026/10/02 08:59:44.107, 103.92, 1635, 150.00, 62, 61
2026/10/02 08:59:44.308, 117.76, 1680, 150.00, 0, 60
2026/10/02 08:59:44.508, 111.13, 1680, 150.00, 20, 60
2026/10/02 08:59:44.709, 110.27, 885, 150.00, 0, 61
2026/10/02 08:59:44.909, 100.48, 810, 150.00, 57, 61
2026/10/02 08:59:45.110, 102.47, 1680, 150.00, 0, 60
2026/10/02 08:59:45.310, 117.94, 810, 150.00, 100, 61
2026/10/02 08:59:45.511, 118.05, 1680, 150.00, 1, 60
2026/10/02 08:59:45.711, 125.36, 1575, 150.00, 100, 61
2026/10/02 08:59:45.912, 116.58, 1680, 150.00, 0, 60
2026/10/02 08:59:46.112, 114.36, 675, 150.00, 0, 60
2026/10/02 08:59:46.313, 106.63, 1680, 150.00, 0, 60
2026/10/02 08:59:46.514, 111.98, 1680, 150.00, 39, 60
2026/10/02 08:59:46.714, 101.26, 1680, 150.00, 28, 60
2026/10/02 08:59:46.915, 99.87, 660, 150.00, 40, 61
2026/10/02 08:59:47.115, 99.71, 1680, 150.00, 0, 60
2026/10/02 08:59:47.316, 100.54, 1695, 150.00, 0, 59
2026/10/02 08:59:47.516, 89.39, 1695, 150.00, 0, 59
2026/10/02 08:59:47.717, 85.34, 1035, 150.00, 0, 59
2026/10/02 08:59:47.918, 82.14, 975, 150.00, 100, 61
2026/10/02 08:59:48.118, 82.94, 1680, 150.00, 0, 60
2026/10/02 08:59:48.319, 83.01, 1695, 150.00, 0, 59
2026/10/02 08:59:48.519, 95.25, 810, 150.00, 55, 61
2026/10/02 08:59:48.720, 95.01, 1680, 150.00, 0, 60
2026/10/02 08:59:48.921, 81.73, 1020, 150.00, 8, 60
2026/10/02 08:59:49.121, 82.50, 1680, 150.00, 0, 60
2026/10/02 08:59:49.322, 101.61, 825, 150.00, 46, 61
2026/10/02 08:59:49.522, 91.17, 1680, 150.00, 0, 60
2026/10/02 08:59:49.723, 102.66, 1365, 150.00, 31, 61
2026/10/02 08:59:49.923, 109.12, 1245, 150.00, 51, 59
2026/10/02 08:59:50.124, 124.11, 1680, 150.00, 24, 60
2026/10/02 08:59:50.325, 110.69, 1680, 150.00, 0, 60
2026/10/02 08:59:50.525, 104.25, 1680, 150.00, 0, 59
2026/10/02 08:59:50.726, 89.62, 1650, 150.00, 0, 60
2026/10/02 08:59:50.926, 90.52, 1680, 150.00, 0, 59
2026/10/02 08:59:51.127, 79.59, 1695, 150.00, 0, 59
2026/10/02 08:59:51.327, 69.73, 1620, 150.00, 0, 60
2026/10/02 08:59:51.528, 69.77, 1680, 150.00, 0, 59
2026/10/02 08:59:51.729, 69.87, 1695, 150.00, 0, 59
2026/10/02 08:59:51.929, 70.04, 1695, 150.00, 0, 59
2026/10/02 08:59:52.130, 70.90, 1635, 150.00, 0, 60
2026/10/02 08:59:52.330, 67.13, 1680, 150.00, 0, 59
2026/10/02 08:59:52.531, 72.63, 720, 150.00, 59, 59
2026/10/02 08:59:52.731, 72.35, 1680, 150.00, 0, 59
2026/10/02 08:59:52.932, 79.15, 660, 150.00, 98, 60
2026/10/02 08:59:53.132, 77.05, 1680, 150.00, 0, 60
2026/10/02 08:59:53.333, 77.18, 1680, 150.00, 0, 59
2026/10/02 08:59:53.533, 77.25, 1695, 150.00, 0, 59
2026/10/02 08:59:53.734, 86.22, 1695, 150.00, 37, 59
2026/10/02 08:59:53.934, 86.52, 1680, 150.00, 5, 59
2026/10/02 08:59:54.135, 86.78, 1365, 150.00, 37, 61
2026/10/02 08:59:54.335, 91.57, 1605, 150.00, 0, 61
2026/10/02 08:59:54.536, 91.49, 1680, 150.00, 0, 59
2026/10/02 08:59:54.737, 101.93, 1155, 150.00, 54, 59
2026/10/02 08:59:54.937, 90.82, 780, 150.00, 66, 61
2026/10/02 08:59:55.138, 82.74, 1680, 150.00, 0, 60
2026/10/02 08:59:55.338, 78.95, 645, 150.00, 58, 60
2026/10/02 08:59:55.539, 88.29, 1680, 150.00, 13, 60
2026/10/02 08:59:55.739, 97.54, 1380, 150.00, 31, 61
2026/10/02 08:59:55.940, 84.49, 1680, 150.00, 0, 60
2026/10/02 08:59:56.140, 85.11, 1695, 150.00, 0, 59
2026/10/02 08:59:56.341, 99.36, 1320, 150.00, 33, 61
2026/10/02 08:59:56.541, 98.17, 1680, 150.00, 0, 59
2026/10/02 08:59:56.742, 85.37, 645, 150.00, 72, 59
2026/10/02 08:59:56.942, 93.11, 1380, 150.00, 34, 61
2026/10/02 08:59:57.143, 92.20, 1665, 150.00, 0, 60
2026/10/02 08:59:57.343, 77.81, 1680, 150.00, 0, 59
2026/10/02 08:59:57.544, 102.21, 1095, 150.00, 78, 61
2026/10/02 08:59:57.744, 112.12, 1185, 150.00, 43, 61
2026/10/02 08:59:57.945, 97.85, 1680, 150.00, 0, 60
2026/10/02 08:59:58.145, 99.66, 1695, 150.00, 0, 59
2026/10/02 08:59:58.346, 99.74, 1695, 150.00, 0, 59
2026/10/02 08:59:58.546, 92.47, 825, 150.00, 67, 61
2026/10/02 08:59:58.747, 74.68, 675, 150.00, 58, 60
2026/10/02 08:59:58.947, 74.88, 675, 150.00, 60, 61
2026/10/02 08:59:59.148, 86.13, 1530, 150.00, 8, 61
2026/10/02 08:59:59.348, 85.98, 1680, 150.00, 0, 60
2026/10/02 08:59:59.549, 97.81, 1155, 150.00, 64, 61
2026/10/02 08:59:59.750, 97.27, 1665, 150.00, 0, 60
2026/10/02 08:59:59.950, 94.89, 1680, 150.00, 0, 59
2026/10/02 09:00:00.151, 84.51, 615, 150.00, 58, 59
2026/10/02 09:00:00.351, 84.82, 1680, 150.00, 0, 59
2026/10/02 09:00:00.552, 75.43, 1680, 150.00, 0, 59
2026/10/02 09:00:00.752, 66.91, 1695, 150.00, 0, 59
2026/10/02 09:00:00.953, 67.03, 1695, 150.00, 0, 59
2026/10/02 09:00:01.153, 82.19, 735, 150.00, 100, 60
2026/10/02 09:00:01.354, 93.14, 1380, 150.00, 30, 61
2026/10/02 09:00:01.554, 104.19, 1680, 150.00, 16, 59
2026/10/02 09:00:01.755, 102.99, 1665, 150.00, 0, 60
2026/10/02 09:00:01.955, 121.96, 1500, 150.00, 23, 61
2026/10/02 09:00:02.156, 113.86, 630, 150.00, 58, 60
2026/10/02 09:00:02.356, 111.74, 1425, 150.00, 35, 61
2026/10/02 09:00:02.557, 127.88, 810, 150.00, 100, 61
2026/10/02 09:00:02.757, 125.23, 825, 150.00, 65, 62
2026/10/02 09:00:02.958, 111.04, 690, 150.00, 60, 61
2026/10/02 09:00:03.158, 115.54, 1050, 150.00, 56, 60
2026/10/02 09:00:03.359, 108.51, 810, 150.00, 73, 62
2026/10/02 09:00:03.559, 102.10, 1605, 150.00, 0, 61
2026/10/02 09:00:03.760, 86.42, 1680, 150.00, 0, 60
2026/10/02 09:00:03.961, 96.28, 1695, 150.00, 12, 60
2026/10/02 09:00:04.161, 106.20, 1200, 150.00, 42, 61
2026/10/02 09:00:04.362, 89.69, 1680, 150.00, 0, 60
2026/10/02 09:00:04.562, 84.85, 1695, 150.00, 0, 60
2026/10/02 09:00:04.763, 86.09, 840, 150.00, 59, 59
2026/10/02 09:00:04.963, 95.80, 1455, 150.00, 42, 61
2026/10/02 09:00:05.164, 97.95, 825, 150.00, 44, 61
2026/10/02 09:00:05.365, 98.47, 1680, 150.00, 0, 60
2026/10/02 09:00:05.565, 98.47, 1680, 150.00, 0, 60
2026/10/02 09:00:05.766, 98.46, 1695, 150.00, 0, 59
2026/10/02 09:00:05.966, 86.88, 1695, 150.00, 0, 59
2026/10/02 09:00:06.167, 89.08, 675, 150.00, 55, 59
2026/10/02 09:00:06.367, 97.81, 825, 150.00, 100, 61
2026/10/02 09:00:06.568, 98.36, 1665, 150.00, 0, 61
2026/10/02 09:00:06.769, 102.67, 1650, 150.00, 0, 60
2026/10/02 09:00:06.969, 101.88, 1185, 150.00, 59, 60
2026/10/02 09:00:07.170, 111.26, 615, 150.00, 58, 60
2026/10/02 09:00:07.370, 99.99, 840, 150.00, 47, 60
2026/10/02 09:00:07.571, 104.35, 1050, 150.00, 39, 60
2026/10/02 09:00:07.771, 99.10, 1680, 150.00, 0, 60
2026/10/02 09:00:07.972, 99.52, 1665, 150.00, 0, 60
2026/10/02 09:00:08.172, 108.73, 645, 150.00, 67, 60
2026/10/02 09:00:08.373, 101.62, 705, 150.00, 58, 60
2026/10/02 09:00:08.574, 89.51, 1680, 150.00, 0, 60
2026/10/02 09:00:08.774, 86.46, 1440, 150.00, 43, 61
2026/10/02 09:00:08.975, 86.14, 1680, 150.00, 0, 60
2026/10/02 09:00:09.175, 85.34, 1275, 150.00, 57, 61
2026/10/02 09:00:09.376, 76.90, 1680, 150.00, 0, 60
2026/10/02 09:00:09.576, 74.60, 1665, 150.00, 0, 60
2026/10/02 09:00:09.777, 74.69, 1620, 150.00, 8, 61
2026/10/02 09:00:09.977, 75.75, 1680, 150.00, 0, 60
2026/10/02 09:00:10.178, 75.79, 1695, 150.00, 0, 59
2026/10/02 09:00:10.379, 76.87, 1695, 150.00, 0, 59
2026/10/02 09:00:10.579, 90.94, 1140, 150.00, 35, 59
2026/10/02 09:00:10.780, 79.26, 1680, 150.00, 0, 60
2026/10/02 09:00:10.980, 79.71, 1680, 150.00, 0, 59
2026/10/02 09:00:11.180, 79.77, 1695, 150.00, 0, 59
2026/10/02 09:00:11.381, 91.82, 810, 150.00, 48, 59
2026/10/02 09:00:11.581, 90.30, 1230, 150.00, 58, 61
2026/10/02 09:00:11.782, 82.93, 1680, 150.00, 8, 59
2026/10/02 09:00:11.983, 81.84, 1680, 150.00, 0, 60
2026/10/02 09:00:12.183, 81.79, 1680, 150.00, 0, 59
2026/10/02 09:00:12.384, 90.49, 1635, 150.00, 0, 60
2026/10/02 09:00:12.584, 90.79, 1485, 150.00, 35, 61
2026/10/02 09:00:12.785, 97.90, 1470, 150.00, 45, 61
2026/10/02 09:00:12.985, 93.11, 1680, 150.00, 0, 60
2026/10/02 09:00:13.186, 102.17, 1635, 150.00, 0, 60
2026/10/02 09:00:13.386, 93.06, 1680, 150.00, 0, 59
2026/10/02 09:00:13.587, 80.58, 1695, 150.00, 0, 59
2026/10/02 09:00:13.788, 86.79, 1695, 150.00, 18, 59
2026/10/02 09:00:13.988, 86.67, 1680, 150.00, 0, 59
2026/10/02 09:00:14.189, 90.28, 1590, 150.00, 14, 61
2026/10/02 09:00:14.389, 101.35, 1470, 150.00, 40, 61
2026/10/02 09:00:14.590, 101.28, 1680, 150.00, 0, 59
2026/10/02 09:00:14.791, 110.47, 1620, 150.00, 3, 60
2026/10/02 09:00:14.991, 99.21, 1680, 150.00, 0, 59
2026/10/02 09:00:15.192, 85.61, 1695, 150.00, 0, 59
2026/10/02 09:00:15.392, 87.64, 1680, 150.00, 15, 59
2026/10/02 09:00:15.593, 88.64, 1680, 150.00, 0, 59
2026/10/02 09:00:15.794, 79.49, 1695, 150.00, 0, 59
2026/10/02 09:00:15.994, 85.70, 1695, 150.00, 0, 59
2026/10/02 09:00:16.195, 101.08, 795, 150.00, 100, 60
2026/10/02 09:00:16.395, 92.39, 1140, 150.00, 9, 60
2026/10/02 09:00:16.596, 99.94, 1530, 150.00, 98, 61
2026/10/02 09:00:16.797, 99.88, 1680, 150.00, 0, 60
2026/10/02 09:00:16.997, 99.87, 1695, 150.00, 0, 59
2026/10/02 09:00:17.198, 94.57, 630, 150.00, 0, 59
2026/10/02 09:00:17.399, 86.49, 1680, 150.00, 0, 59
2026/10/02 09:00:17.599, 73.32, 1680, 150.00, 0, 59
2026/10/02 09:00:17.800, 83.08, 630, 150.00, 0, 59
2026/10/02 09:00:18.000, 82.72, 1680, 150.00, 0, 59
2026/10/02 09:00:18.201, 88.90, 1665, 150.00, 58, 60
2026/10/02 09:00:18.402, 80.06, 1680, 150.00, 49, 60
2026/10/02 09:00:18.602, 92.65, 1680, 150.00, 0, 59
2026/10/02 09:00:18.803, 103.46, 1680, 150.00, 37, 59
2026/10/02 09:00:19.003, 98.90, 660, 150.00, 41, 60
2026/10/02 09:00:19.204, 96.93, 1680, 150.00, 0, 60
2026/10/02 09:00:19.404, 93.42, 1680, 150.00, 0, 59
2026/10/02 09:00:19.605, 105.98, 1485, 150.00, 21, 60
2026/10/02 09:00:19.806, 94.25, 1680, 150.00, 0, 59
2026/10/02 09:00:20.006, 83.38, 1020, 150.00, 0, 59
2026/10/02 09:00:20.207, 78.41, 1680, 150.00, 0, 59
2026/10/02 09:00:20.408, 85.89, 630, 150.00, 0, 59
2026/10/02 09:00:20.608, 85.71, 990, 150.00, 0, 59
2026/10/02 09:00:20.809, 86.73, 1680, 150.00, 16, 59
2026/10/02 09:00:21.010, 93.00, 1515, 150.00, 100, 61
2026/10/02 09:00:21.210, 105.88, 1590, 150.00, 43, 61
2026/10/02 09:00:21.411, 105.04, 1185, 150.00, 0, 59
2026/10/02 09:00:21.611, 102.03, 1680, 150.00, 0, 59
2026/10/02 09:00:21.812, 109.68, 1005, 150.00, 88, 61
2026/10/02 09:00:22.012, 101.30, 1680, 150.00, 27, 60
2026/10/02 09:00:22.213, 102.01, 1560, 150.00, 32, 61
2026/10/02 09:00:22.413, 102.68, 1680, 150.00, 0, 59
2026/10/02 09:00:22.614, 103.67, 1695, 150.00, 0, 59
2026/10/02 09:00:22.814, 90.81, 1695, 150.00, 0, 59
2026/10/02 09:00:23.015, 78.92, 1665, 150.00, 57, 59
2026/10/02 09:00:23.215, 64.88, 1680, 150.00, 0, 59
2026/10/02 09:00:23.416, 75.89, 705, 150.00, 59, 60
2026/10/02 09:00:23.617, 75.42, 1680, 150.00, 4, 59
2026/10/02 09:00:23.817, 75.32, 1680, 150.00, 0, 59
2026/10/02 09:00:24.018, 88.51, 1680, 150.00, 54, 59
2026/10/02 09:00:24.218, 87.66, 1680, 150.00, 34, 59
2026/10/02 09:00:24.419, 87.73, 1680, 150.00, 0, 59
2026/10/02 09:00:24.620, 77.44, 1665, 150.00, 60, 60
2026/10/02 09:00:24.820, 87.37, 795, 150.00, 66, 61
2026/10/02 09:00:25.021, 87.55, 1680, 150.00, 37, 60
2026/10/02 09:00:25.221, 74.16, 1170, 150.00, 0, 60
2026/10/02 09:00:25.422, 74.18, 1680, 150.00, 0, 59
2026/10/02 09:00:25.622, 74.99, 900, 150.00, 0, 59
2026/10/02 09:00:25.823, 72.73, 1680, 150.00, 0, 59
2026/10/02 09:00:26.023, 79.12, 1560, 150.00, 31, 61
2026/10/02 09:00:26.224, 99.06, 810, 150.00, 19, 60
2026/10/02 09:00:26.424, 99.21, 1680, 150.00, 22, 60
2026/10/02 09:00:26.625, 99.20, 1680, 150.00, 0, 59
2026/10/02 09:00:26.825, 98.96, 1005, 150.00, 0, 59
2026/10/02 09:00:27.026, 111.15, 1155, 150.00, 40, 61
2026/10/02 09:00:27.227, 98.65, 1680, 150.00, 27, 60
2026/10/02 09:00:27.427, 91.84, 1680, 150.00, 0, 59
2026/10/02 09:00:27.628, 91.89, 1695, 150.00, 0, 59
2026/10/02 09:00:27.828, 91.93, 1695, 150.00, 0, 59
2026/10/02 09:00:28.028, 78.54, 1695, 150.00, 0, 59
2026/10/02 09:00:28.229, 80.54, 690, 150.00, 0, 59
2026/10/02 09:00:28.429, 79.74, 1680, 150.00, 63, 60
2026/10/02 09:00:28.630, 79.24, 1665, 150.00, 57, 60
2026/10/02 09:00:28.830, 79.11, 1680, 150.00, 0, 59
2026/10/02 09:00:29.031, 79.06, 1695, 150.00, 0, 59
2026/10/02 09:00:29.231, 79.32, 1440, 150.00, 15, 60
2026/10/02 09:00:29.432, 98.77, 960, 150.00, 20, 60
2026/10/02 09:00:29.632, 108.69, 885, 150.00, 97, 61
2026/10/02 09:00:29.833, 108.64, 1680, 150.00, 0, 60
2026/10/02 09:00:30.033, 108.91, 1665, 150.00, 57, 60
2026/10/02 09:00:30.234, 106.20, 1215, 150.00, 69, 61
2026/10/02 09:00:30.434, 94.38, 1680, 150.00, 0, 60
2026/10/02 09:00:30.635, 75.42, 1695, 150.00, 0, 59
2026/10/02 09:00:30.835, 74.24, 1695, 150.00, 0, 59
2026/10/02 09:00:31.036, 82.86, 1620, 150.00, 57, 60
2026/10/02 09:00:31.236, 75.10, 1680, 150.00, 0, 59
2026/10/02 09:00:31.437, 89.39, 1695, 150.00, 0, 59
2026/10/02 09:00:31.638, 88.35, 1680, 150.00, 37, 59
2026/10/02 09:00:31.838, 88.20, 1680, 150.00, 0, 59
2026/10/02 09:00:32.039, 78.67, 1695, 150.00, 0, 59
2026/10/02 09:00:32.239, 78.68, 1155, 150.00, 0, 59
2026/10/02 09:00:32.440, 77.83, 1185, 150.00, 0, 60
2026/10/02 09:00:32.640, 76.66, 735, 150.00, 60, 60
2026/10/02 09:00:32.841, 84.79, 1110, 150.00, 100, 61
2026/10/02 09:00:33.041, 98.79, 1305, 150.00, 0, 60
2026/10/02 09:00:33.242, 97.95, 1680, 150.00, 27, 60
2026/10/02 09:00:33.442, 98.57, 1680, 150.00, 0, 59
2026/10/02 09:00:33.643, 99.42, 1065, 150.00, 0, 59
2026/10/02 09:00:33.843, 79.17, 1680, 150.00, 0, 59
2026/10/02 09:00:34.044, 79.27, 1695, 150.00, 0, 59
2026/10/02 09:00:34.244, 66.04, 1695, 150.00, 0, 59
2026/10/02 09:00:34.445, 80.85, 795, 150.00, 90, 61
2026/10/02 09:00:34.645, 89.83, 645, 150.00, 26, 60
2026/10/02 09:00:34.846, 91.46, 1665, 150.00, 81, 60
2026/10/02 09:00:35.046, 117.10, 1590, 150.00, 42, 61
2026/10/02 09:00:35.247, 116.05, 1680, 150.00, 38, 60
2026/10/02 09:00:35.447, 113.77, 1275, 150.00, 0, 60
2026/10/02 09:00:35.648, 105.53, 1680, 150.00, 52, 60
2026/10/02 09:00:35.848, 107.99, 1005, 150.00, 0, 59
2026/10/02 09:00:36.049, 94.14, 1680, 150.00, 17, 60
2026/10/02 09:00:36.250, 82.93, 1680, 150.00, 0, 59
2026/10/02 09:00:36.450, 104.55, 825, 150.00, 44, 61
2026/10/02 09:00:36.651, 109.44, 600, 150.00, 0, 60
2026/10/02 09:00:36.851, 113.67, 645, 150.00, 0, 60
2026/10/02 09:00:37.052, 101.08, 900, 150.00, 0, 60
2026/10/02 09:00:37.252, 100.87, 1680, 150.00, 0, 60
2026/10/02 09:00:37.453, 89.39, 1695, 150.00, 0, 59
2026/10/02 09:00:37.653, 80.50, 1680, 150.00, 51, 60
2026/10/02 09:00:37.853, 85.57, 1125, 150.00, 0, 59
2026/10/02 09:00:38.054, 80.56, 1680, 150.00, 22, 59
2026/10/02 09:00:38.255, 92.21, 690, 150.00, 0, 59
2026/10/02 09:00:38.456, 91.67, 1680, 150.00, 11, 59
2026/10/02 09:00:38.656, 113.36, 795, 150.00, 31, 61
2026/10/02 09:00:38.857, 112.97, 1680, 150.00, 10, 60
2026/10/02 09:00:39.058, 115.16, 1095, 150.00, 59, 60
2026/10/02 09:00:39.258, 128.38, 1335, 150.00, 23, 60
2026/10/02 09:00:39.459, 116.11, 1680, 150.00, 27, 60
2026/10/02 09:00:39.659, 101.82, 1680, 150.00, 0, 59
2026/10/02 09:00:39.860, 94.04, 1695, 150.00, 0, 59
2026/10/02 09:00:40.060, 92.58, 1695, 150.00, 0, 59
2026/10/02 09:00:40.261, 79.82, 1695, 150.00, 0, 59
2026/10/02 09:00:40.462, 79.82, 1695, 150.00, 0, 59
2026/10/02 09:00:40.662, 79.82, 1695, 150.00, 0, 59
2026/10/02 09:00:40.863, 114.77, 1695, 150.00, 0, 59
2026/10/02 09:00:41.063, 115.80, 1365, 150.00, 100, 60
2026/10/02 09:00:41.264, 137.88, 825, 150.00, 28, 61
2026/10/02 09:00:41.464, 131.45, 1680, 150.00, 14, 60
2026/10/02 09:00:41.665, 122.11, 1680, 150.00, 0, 59
2026/10/02 09:00:41.865, 123.80, 1695, 150.00, 0, 59
2026/10/02 09:00:42.066, 115.04, 810, 150.00, 100, 61
2026/10/02 09:00:42.267, 101.22, 1680, 150.00, 0, 60
2026/10/02 09:00:42.467, 94.03, 1680, 150.00, 0, 59
2026/10/02 09:00:42.668, 107.74, 915, 150.00, 0, 59
2026/10/02 09:00:42.868, 115.40, 1635, 150.00, 77, 60
2026/10/02 09:00:43.069, 95.39, 1680, 150.00, 0, 59
2026/10/02 09:00:43.269, 87.07, 1140, 150.00, 56, 60
2026/10/02 09:00:43.470, 91.04, 1650, 150.00, 59, 60
2026/10/02 09:00:43.670, 100.45, 1620, 150.00, 54, 61
2026/10/02 09:00:43.871, 78.67, 1680, 150.00, 0, 59
2026/10/02 09:00:44.071, 79.10, 1695, 150.00, 0, 59
2026/10/02 09:00:44.272, 92.84, 1560, 150.00, 33, 60
2026/10/02 09:00:44.472, 93.79, 1680, 150.00, 0, 59
2026/10/02 09:00:44.673, 91.47, 1425, 150.00, 66, 61
2026/10/02 09:00:44.873, 91.89, 1680, 150.00, 0, 59
2026/10/02 09:00:45.074, 91.92, 1695, 150.00, 0, 59
2026/10/02 09:00:45.274, 90.98, 1695, 150.00, 0, 59
2026/10/02 09:00:45.475, 90.67, 1680, 150.00, 37, 59
2026/10/02 09:00:45.676, 98.32, 1620, 150.00, 49, 60
2026/10/02 09:00:45.877, 110.31, 690, 150.00, 47, 60
2026/10/02 09:00:46.077, 109.80, 1680, 150.00, 11, 59
2026/10/02 09:00:46.278, 129.54, 975, 150.00, 59, 60
2026/10/02 09:00:46.478, 116.64, 1680, 150.00, 16, 60
2026/10/02 09:00:46.679, 104.55, 1680, 150.00, 0, 59
2026/10/02 09:00:46.879, 96.99, 1695, 150.00, 0, 59
2026/10/02 09:00:47.080, 85.62, 1695, 150.00, 0, 59
2026/10/02 09:00:47.280, 79.43, 1335, 150.00, 0, 59
2026/10/02 09:00:47.481, 66.53, 1680, 150.00, 0, 59
2026/10/02 09:00:47.681, 76.46, 1170, 150.00, 0, 60
2026/10/02 09:00:47.882, 75.23, 1680, 150.00, 45, 59
2026/10/02 09:00:48.082, 88.62, 720, 150.00, 54, 61
2026/10/02 09:00:48.283, 87.61, 1680, 150.00, 31, 59
2026/10/02 09:00:48.483, 87.43, 1680, 150.00, 0, 59
2026/10/02 09:00:48.684, 87.60, 1695, 150.00, 0, 59
2026/10/02 09:00:48.884, 78.75, 1695, 150.00, 0, 58
2026/10/02 09:00:49.085, 93.85, 1620, 150.00, 31, 59
2026/10/02 09:00:49.285, 80.14, 1680, 150.00, 0, 59
2026/10/02 09:00:49.486, 89.15, 1665, 150.00, 58, 59
2026/10/02 09:00:49.687, 99.55, 675, 150.00, 0, 60
2026/10/02 09:00:49.887, 102.62, 1155, 150.00, 6, 60
2026/10/02 09:00:50.088, 95.80, 1545, 150.00, 12, 59
2026/10/02 09:00:50.288, 97.00, 1305, 150.00, 0, 60
2026/10/02 09:00:50.489, 100.93, 1620, 150.00, 32, 60
2026/10/02 09:00:50.689, 100.64, 1365, 150.00, 59, 60
2026/10/02 09:00:50.890, 101.90, 1095, 150.00, 0, 60
2026/10/02 09:00:51.090, 97.58, 825, 150.00, 40, 60
2026/10/02 09:00:51.291, 116.19, 780, 150.00, 54, 61
2026/10/02 09:00:51.492, 101.56, 1680, 150.00, 71, 60
2026/10/02 09:00:51.692, 102.88, 1680, 150.00, 0, 59
2026/10/02 09:00:51.894, 104.28, 1680, 150.00, 59, 59
2026/10/02 09:00:52.094, 93.04, 1470, 150.00, 0, 60
2026/10/02 09:00:52.295, 87.25, 1590, 150.00, 25, 60
2026/10/02 09:00:52.496, 79.62, 1680, 150.00, 0, 59
2026/10/02 09:00:52.697, 101.14, 885, 150.00, 40, 61
2026/10/02 09:00:52.897, 108.94, 1665, 150.00, 59, 60
2026/10/02 09:00:53.098, 122.04, 735, 150.00, 0, 61
2026/10/02 09:00:53.298, 119.28, 1395, 150.00, 59, 60
2026/10/02 09:00:53.499, 126.48, 825, 150.00, 100, 61
2026/10/02 09:00:53.700, 117.17, 1095, 150.00, 90, 61
2026/10/02 09:00:53.900, 107.76, 1680, 150.00, 0, 60
2026/10/02 09:00:54.101, 108.47, 615, 150.00, 43, 61
2026/10/02 09:00:54.302, 106.53, 1215, 150.00, 11, 61
2026/10/02 09:00:54.502, 120.16, 795, 150.00, 25, 61
2026/10/02 09:00:54.703, 117.52, 1125, 150.00, 91, 61
2026/10/02 09:00:54.903, 133.76, 810, 150.00, 98, 62
2026/10/02 09:00:55.104, 149.66, 795, 150.00, 100, 62
2026/10/02 09:00:55.304, 136.12, 1680, 150.00, 0, 60
2026/10/02 09:00:55.505, 137.79, 1185, 150.00, 14, 61
2026/10/02 09:00:55.706, 131.19, 810, 150.00, 100, 61
2026/10/02 09:00:55.906, 113.82, 1680, 150.00, 0, 60
2026/10/02 09:00:56.107, 111.74, 645, 150.00, 39, 61
2026/10/02 09:00:56.308, 124.12, 660, 150.00, 47, 62
2026/10/02 09:00:56.508, 130.72, 825, 150.00, 100, 62
2026/10/02 09:00:56.709, 130.69, 810, 150.00, 100, 62
2026/10/02 09:00:56.910, 139.32, 780, 150.00, 100, 62
2026/10/02 09:00:57.110, 155.06, 825, 150.00, 100, 63
2026/10/02 09:00:57.311, 142.18, 1185, 150.00, 85, 62
2026/10/02 09:00:57.511, 143.96, 840, 150.00, 100, 63
2026/10/02 09:00:57.712, 143.36, 795, 150.00, 100, 63
2026/10/02 09:00:57.912, 136.21, 855, 150.00, 59, 62
2026/10/02 09:00:58.113, 140.69, 735, 150.00, 70, 63
2026/10/02 09:00:58.314, 140.98, 810, 150.00, 100, 63
2026/10/02 09:00:58.514, 149.03, 795, 150.00, 100, 63
2026/10/02 09:00:58.715, 150.12, 675, 150.00, 100, 63
2026/10/02 09:00:58.915, 157.63, 585, 150.00, 100, 63
2026/10/02 09:00:59.116, 152.23, 780, 150.00, 100, 63
2026/10/02 09:00:59.317, 144.06, 1590, 150.00, 38, 62
2026/10/02 09:00:59.517, 148.44, 690, 150.00, 48, 63
2026/10/02 09:00:59.718, 145.76, 780, 150.00, 86, 63
2026/10/02 09:00:59.918, 146.58, 795, 150.00, 100, 63
2026/10/02 09:01:00.119, 131.04, 1680, 150.00, 0, 61
2026/10/02 09:01:00.320, 118.40, 1110, 150.00, 57, 62
2026/10/02 09:01:00.521, 132.39, 810, 150.00, 100, 63
2026/10/02 09:01:00.721, 130.77, 810, 150.00, 100, 63
2026/10/02 09:01:00.922, 123.10, 885, 150.00, 58, 63
2026/10/02 09:01:01.123, 128.39, 1590, 150.00, 32, 63
2026/10/02 09:01:01.323, 134.52, 1590, 150.00, 39, 62
2026/10/02 09:01:01.524, 133.64, 810, 150.00, 100, 63
2026/10/02 09:01:01.724, 125.58, 1665, 150.00, 6, 62
2026/10/02 09:01:01.925, 118.88, 1680, 150.00, 0, 61
2026/10/02 09:01:02.125, 109.77, 1635, 150.00, 16, 61
2026/10/02 09:01:02.326, 114.09, 660, 150.00, 53, 62
2026/10/02 09:01:02.526, 122.96, 795, 150.00, 100, 63
2026/10/02 09:01:02.727, 106.78, 1485, 150.00, 58, 62
2026/10/02 09:01:02.927, 120.20, 1080, 150.00, 89, 63
2026/10/02 09:01:03.128, 113.50, 1575, 150.00, 47, 62
2026/10/02 09:01:03.328, 119.99, 1470, 150.00, 63, 62
2026/10/02 09:01:03.529, 99.96, 1680, 150.00, 0, 61
2026/10/02 09:01:03.730, 92.29, 1695, 150.00, 0, 61
2026/10/02 09:01:03.930, 95.64, 645, 150.00, 47, 62
2026/10/02 09:01:04.131, 103.16, 645, 150.00, 36, 63
2026/10/02 09:01:04.331, 96.79, 1680, 150.00, 3, 62
2026/10/02 09:01:04.532, 115.82, 705, 150.00, 77, 63
2026/10/02 09:01:04.732, 131.47, 795, 150.00, 100, 64
2026/10/02 09:01:04.933, 136.04, 1515, 150.00, 54, 63
2026/10/02 09:01:05.134, 119.65, 1680, 150.00, 0, 62
2026/10/02 09:01:05.334, 110.55, 1140, 150.00, 58, 62
2026/10/02 09:01:05.535, 103.37, 1680, 150.00, 0, 61
2026/10/02 09:01:05.735, 92.92, 1665, 150.00, 0, 61
2026/10/02 09:01:05.936, 87.78, 1665, 150.00, 0, 62
2026/10/02 09:01:06.136, 101.80, 810, 150.00, 100, 63
2026/10/02 09:01:06.337, 117.73, 795, 150.00, 100, 64
2026/10/02 09:01:06.538, 130.25, 795, 150.00, 100, 64
2026/10/02 09:01:06.738, 136.86, 795, 150.00, 100, 64
2026/10/02 09:01:06.939, 140.67, 735, 150.00, 100, 64
2026/10/02 09:01:07.139, 140.99, 1590, 150.00, 39, 63
2026/10/02 09:01:07.340, 133.23, 840, 150.00, 72, 64
2026/10/02 09:01:07.541, 129.95, 630, 150.00, 43, 64
2026/10/02 09:01:07.741, 124.68, 1005, 150.00, 72, 64
2026/10/02 09:01:07.942, 123.37, 645, 150.00, 49, 64
2026/10/02 09:01:08.142, 124.25, 795, 150.00, 100, 64
2026/10/02 09:01:08.343, 139.10, 795, 150.00, 100, 64
2026/10/02 09:01:08.544, 142.71, 795, 150.00, 100, 64
2026/10/02 09:01:08.744, 141.99, 420, 150.00, 100, 64
2026/10/02 09:01:08.945, 154.56, 765, 150.00, 100, 64
2026/10/02 09:01:09.145, 150.62, 795, 150.00, 100, 64
2026/10/02 09:01:09.346, 150.68, 795, 150.00, 94, 65
2026/10/02 09:01:09.547, 151.32, 780, 150.00, 96, 64
2026/10/02 09:01:09.747, 141.79, 780, 150.00, 88, 64
2026/10/02 09:01:09.948, 135.23, 1605, 150.00, 34, 63
2026/10/02 09:01:10.148, 141.26, 810, 150.00, 100, 64
2026/10/02 09:01:10.349, 146.57, 915, 150.00, 22, 64
2026/10/02 09:01:10.549, 140.90, 1590, 150.00, 37, 63
2026/10/02 09:01:10.750, 154.62, 825, 150.00, 100, 64
2026/10/02 09:01:10.950, 156.08, 795, 150.00, 100, 65
2026/10/02 09:01:11.151, 157.55, 1065, 150.00, 94, 64
2026/10/02 09:01:11.351, 144.31, 1665, 150.00, 0, 64
2026/10/02 09:01:11.552, 135.09, 795, 150.00, 100, 65
2026/10/02 09:01:11.753, 121.55, 1680, 150.00, 0, 63
2026/10/02 09:01:11.953, 115.77, 705, 150.00, 58, 64
2026/10/02 09:01:12.154, 106.81, 1500, 150.00, 60, 64
2026/10/02 09:01:12.354, 104.50, 1575, 150.00, 45, 63
2026/10/02 09:01:12.555, 97.62, 1680, 150.00, 0, 63
2026/10/02 09:01:12.755, 106.21, 795, 150.00, 100, 64
2026/10/02 09:01:12.956, 117.17, 675, 150.00, 45, 64
2026/10/02 09:01:13.156, 107.25, 1365, 150.00, 72, 64
2026/10/02 09:01:13.357, 113.92, 1605, 150.00, 29, 63
2026/10/02 09:01:13.557, 121.34, 810, 150.00, 99, 64
2026/10/02 09:01:13.758, 126.33, 630, 150.00, 36, 64
2026/10/02 09:01:13.958, 134.77, 810, 150.00, 100, 65
2026/10/02 09:01:14.159, 131.02, 810, 150.00, 100, 65
2026/10/02 09:01:14.359, 116.99, 1320, 150.00, 58, 64
2026/10/02 09:01:14.560, 117.71, 1680, 150.00, 0, 63
2026/10/02 09:01:14.760, 132.94, 675, 150.00, 50, 64
2026/10/02 09:01:14.961, 120.40, 1170, 150.00, 62, 65
2026/10/02 09:01:15.162, 111.57, 1545, 150.00, 51, 64
2026/10/02 09:01:15.362, 113.34, 1665, 150.00, 0, 63
2026/10/02 09:01:15.563, 136.91, 765, 150.00, 68, 65
2026/10/02 09:01:15.763, 142.44, 810, 150.00, 100, 65
2026/10/02 09:01:15.964, 124.51, 1380, 150.00, 61, 64
2026/10/02 09:01:16.164, 114.47, 1380, 150.00, 66, 65
2026/10/02 09:01:16.365, 114.61, 675, 150.00, 56, 65
2026/10/02 09:01:16.566, 117.25, 795, 150.00, 100, 65
2026/10/02 09:01:16.766, 114.62, 810, 150.00, 100, 65
2026/10/02 09:01:16.967, 107.54, 1680, 150.00, 0, 64
2026/10/02 09:01:17.167, 107.93, 1680, 150.00, 0, 63
2026/10/02 09:01:17.368, 126.56, 765, 150.00, 86, 65
2026/10/02 09:01:17.568, 108.92, 1680, 150.00, 0, 63
2026/10/02 09:01:17.769, 106.65, 1590, 150.00, 34, 63
2026/10/02 09:01:17.969, 119.70, 810, 150.00, 100, 65
2026/10/02 09:01:18.170, 118.69, 1500, 150.00, 55, 64
2026/10/02 09:01:18.371, 110.62, 1680, 150.00, 0, 63
2026/10/02 09:01:18.571, 113.39, 1575, 150.00, 38, 63
2026/10/02 09:01:18.772, 120.48, 795, 150.00, 100, 64
2026/10/02 09:01:18.972, 128.68, 645, 150.00, 42, 65
2026/10/02 09:01:19.173, 136.44, 795, 150.00, 100, 65
2026/10/02 09:01:19.374, 152.76, 795, 150.00, 100, 65
2026/10/02 09:01:19.574, 146.80, 750, 150.00, 82, 65
2026/10/02 09:01:19.775, 141.05, 930, 150.00, 55, 65
2026/10/02 09:01:19.975, 136.70, 840, 150.00, 58, 65
2026/10/02 09:01:20.176, 122.88, 780, 150.00, 86, 65
2026/10/02 09:01:20.376, 125.01, 765, 150.00, 92, 65
2026/10/02 09:01:20.577, 133.29, 765, 150.00, 76, 66
2026/10/02 09:01:20.778, 127.35, 1680, 150.00, 0, 64
2026/10/02 09:01:20.978, 123.31, 810, 150.00, 96, 65
2026/10/02 09:01:21.179, 121.68, 1635, 150.00, 27, 64
2026/10/02 09:01:21.379, 117.79, 1650, 150.00, 13, 64
2026/10/02 09:01:21.581, 101.70, 1680, 150.00, 0, 63
2026/10/02 09:01:21.781, 99.50, 1545, 150.00, 53, 64
2026/10/02 09:01:21.982, 114.52, 780, 150.00, 100, 65
2026/10/02 09:01:22.183, 111.71, 1425, 150.00, 12, 64
2026/10/02 09:01:22.383, 99.03, 1680, 150.00, 0, 64
2026/10/02 09:01:22.584, 113.12, 630, 150.00, 45, 65
2026/10/02 09:01:22.784, 105.82, 1680, 150.00, 0, 63
2026/10/02 09:01:22.985, 99.00, 1680, 150.00, 0, 64
2026/10/02 09:01:23.185, 96.21, 765, 150.00, 30, 65
2026/10/02 09:01:23.386, 92.91, 1680, 150.00, 0, 63
2026/10/02 09:01:23.586, 106.21, 810, 150.00, 100, 65
2026/10/02 09:01:23.787, 110.03, 780, 150.00, 100, 66
2026/10/02 09:01:23.987, 125.97, 795, 150.00, 100, 66
2026/10/02 09:01:24.188, 127.11, 1275, 150.00, 58, 65
2026/10/02 09:01:24.389, 114.19, 1680, 150.00, 0, 64
2026/10/02 09:01:24.589, 107.22, 1695, 150.00, 0, 63
2026/10/02 09:01:24.790, 92.13, 1695, 150.00, 0, 63
2026/10/02 09:01:24.990, 87.93, 615, 150.00, 50, 64
2026/10/02 09:01:25.191, 96.69, 795, 150.00, 100, 65
2026/10/02 09:01:25.392, 102.35, 1560, 150.00, 47, 64
2026/10/02 09:01:25.592, 101.65, 1680, 150.00, 0, 64
2026/10/02 09:01:25.793, 107.36, 1500, 150.00, 60, 64
2026/10/02 09:01:25.993, 108.49, 1200, 150.00, 60, 64
2026/10/02 09:01:26.194, 89.39, 1680, 150.00, 0, 63
2026/10/02 09:01:26.394, 79.92, 975, 150.00, 60, 64
2026/10/02 09:01:26.595, 81.58, 1680, 150.00, 0, 63
2026/10/02 09:01:26.795, 87.55, 645, 150.00, 45, 64
2026/10/02 09:01:26.996, 96.08, 1380, 150.00, 73, 64
2026/10/02 09:01:27.196, 94.96, 1680, 150.00, 0, 63
2026/10/02 09:01:27.397, 109.59, 1335, 150.00, 16, 65
2026/10/02 09:01:27.598, 101.55, 1575, 150.00, 58, 64
2026/10/02 09:01:27.798, 101.79, 1500, 150.00, 56, 64
2026/10/02 09:01:27.998, 81.39, 1635, 150.00, 0, 63
2026/10/02 09:01:28.199, 87.30, 1605, 150.00, 57, 64
2026/10/02 09:01:28.400, 98.14, 795, 150.00, 100, 65
2026/10/02 09:01:28.600, 110.46, 795, 150.00, 100, 65
2026/10/02 09:01:28.801, 117.61, 780, 150.00, 70, 65
2026/10/02 09:01:29.001, 117.71, 1680, 150.00, 0, 64
2026/10/02 09:01:29.202, 126.11, 795, 150.00, 88, 65
2026/10/02 09:01:29.402, 112.48, 1680, 150.00, 0, 64
2026/10/02 09:01:29.604, 97.24, 1680, 150.00, 0, 63
2026/10/02 09:01:29.804, 109.91, 1545, 150.00, 100, 65
2026/10/02 09:01:30.005, 102.22, 1680, 150.00, 0, 63
2026/10/02 09:01:30.206, 87.13, 1695, 150.00, 0, 63
2026/10/02 09:01:30.406, 97.79, 615, 150.00, 0, 64
2026/10/02 09:01:30.607, 108.10, 1035, 150.00, 46, 64
2026/10/02 09:01:30.808, 102.14, 660, 150.00, 10, 64
2026/10/02 09:01:31.008, 100.76, 1575, 150.00, 32, 64
2026/10/02 09:01:31.209, 100.63, 1680, 150.00, 0, 63
2026/10/02 09:01:31.409, 108.94, 765, 150.00, 0, 64
2026/10/02 09:01:31.610, 114.47, 765, 150.00, 81, 65
2026/10/02 09:01:31.811, 114.92, 1665, 150.00, 59, 64
2026/10/02 09:01:32.011, 127.21, 750, 150.00, 31, 65
2026/10/02 09:01:32.212, 143.80, 795, 150.00, 87, 65
2026/10/02 09:01:32.412, 142.99, 1680, 150.00, 63, 64
2026/10/02 09:01:32.613, 147.99, 645, 150.00, 0, 65
2026/10/02 09:01:32.813, 130.37, 645, 150.00, 31, 64
2026/10/02 09:01:33.014, 128.93, 675, 150.00, 49, 65
2026/10/02 09:01:33.214, 110.60, 1455, 150.00, 24, 64
2026/10/02 09:01:33.415, 114.89, 1155, 150.00, 47, 64
2026/10/02 09:01:33.615, 114.20, 1680, 150.00, 59, 63
2026/10/02 09:01:33.817, 114.84, 660, 150.00, 0, 64
2026/10/02 09:01:34.017, 120.05, 1395, 150.00, 100, 64
2026/10/02 09:01:34.218, 120.86, 825, 150.00, 57, 65
2026/10/02 09:01:34.419, 107.44, 1035, 150.00, 72, 64
2026/10/02 09:01:34.619, 123.29, 780, 150.00, 99, 65
2026/10/02 09:01:34.820, 145.78, 690, 150.00, 42, 66
2026/10/02 09:01:35.020, 137.50, 1140, 150.00, 100, 65
2026/10/02 09:01:35.221, 124.43, 915, 150.00, 66, 65
2026/10/02 09:01:35.422, 135.48, 795, 150.00, 93, 66
2026/10/02 09:01:35.622, 144.31, 795, 150.00, 100, 66
2026/10/02 09:01:35.823, 140.52, 795, 150.00, 70, 66
2026/10/02 09:01:36.024, 135.37, 735, 150.00, 86, 66
2026/10/02 09:01:36.224, 142.29, 750, 150.00, 58, 66
2026/10/02 09:01:36.425, 133.65, 1680, 150.00, 42, 64
2026/10/02 09:01:36.625, 118.48, 1680, 150.00, 0, 64
2026/10/02 09:01:36.826, 117.57, 705, 150.00, 12, 65
2026/10/02 09:01:37.027, 100.55, 1335, 150.00, 51, 64
2026/10/02 09:01:37.227, 104.87, 795, 150.00, 88, 66
2026/10/02 09:01:37.428, 111.94, 795, 150.00, 100, 66
2026/10/02 09:01:37.628, 127.12, 795, 150.00, 100, 66
2026/10/02 09:01:37.829, 133.44, 600, 150.00, 100, 66
2026/10/02 09:01:38.029, 133.38, 1530, 150.00, 100, 65
2026/10/02 09:01:38.230, 139.37, 1125, 150.00, 24, 65
2026/10/02 09:01:38.431, 124.57, 1485, 150.00, 61, 65
2026/10/02 09:01:38.631, 115.19, 1335, 150.00, 0, 65
2026/10/02 09:01:38.832, 120.69, 780, 150.00, 30, 66
2026/10/02 09:01:39.032, 112.19, 1680, 150.00, 90, 64
2026/10/02 09:01:39.233, 112.46, 660, 150.00, 0, 66
2026/10/02 09:01:39.433, 123.94, 870, 150.00, 100, 66
2026/10/02 09:01:39.634, 138.25, 795, 150.00, 98, 66
2026/10/02 09:01:39.835, 129.22, 1470, 150.00, 100, 66
2026/10/02 09:01:40.035, 137.26, 930, 150.00, 62, 66
2026/10/02 09:01:40.236, 144.91, 765, 150.00, 14, 66
2026/10/02 09:01:40.436, 124.54, 1680, 150.00, 78, 65
2026/10/02 09:01:40.637, 114.86, 1680, 150.00, 0, 64
2026/10/02 09:01:40.838, 99.80, 1695, 150.00, 0, 64
2026/10/02 09:01:41.038, 90.59, 1695, 150.00, 0, 64
2026/10/02 09:01:41.239, 86.59, 1260, 150.00, 58, 64
2026/10/02 09:01:41.439, 83.69, 1620, 150.00, 91, 64
2026/10/02 09:01:41.640, 97.04, 1650, 150.00, 29, 64
2026/10/02 09:01:41.840, 109.50, 1650, 150.00, 35, 64
2026/10/02 09:01:42.041, 129.64, 1305, 150.00, 45, 65
2026/10/02 09:01:42.241, 128.69, 765, 150.00, 0, 65
2026/10/02 09:01:42.442, 137.68, 780, 150.00, 100, 66
2026/10/02 09:01:42.642, 139.92, 795, 150.00, 100, 66
2026/10/02 09:01:42.843, 137.10, 1170, 150.00, 72, 66
2026/10/02 09:01:43.044, 135.70, 615, 150.00, 5, 66
2026/10/02 09:01:43.244, 138.59, 1005, 150.00, 41, 65
2026/10/02 09:01:43.445, 133.90, 1440, 150.00, 71, 65
2026/10/02 09:01:43.645, 118.28, 1260, 150.00, 0, 64
2026/10/02 09:01:43.846, 124.89, 795, 150.00, 89, 66
2026/10/02 09:01:44.046, 114.83, 1680, 150.00, 33, 64
2026/10/02 09:01:44.247, 105.03, 1680, 150.00, 0, 64
2026/10/02 09:01:44.447, 102.72, 795, 150.00, 63, 66
2026/10/02 09:01:44.648, 114.99, 1035, 150.00, 100, 66
2026/10/02 09:01:44.849, 123.77, 795, 150.00, 82, 66
2026/10/02 09:01:45.049, 132.33, 780, 150.00, 100, 67
2026/10/02 09:01:45.250, 144.70, 735, 150.00, 100, 66
2026/10/02 09:01:45.450, 152.82, 630, 150.00, 87, 66
2026/10/02 09:01:45.651, 152.23, 795, 150.00, 100, 67
2026/10/02 09:01:45.852, 148.99, 930, 150.00, 74, 67
2026/10/02 09:01:46.052, 133.21, 1230, 150.00, 14, 65
2026/10/02 09:01:46.253, 129.82, 630, 150.00, 60, 66
2026/10/02 09:01:46.453, 134.05, 1215, 150.00, 100, 66
2026/10/02 09:01:46.654, 112.45, 1680, 150.00, 7, 64
2026/10/02 09:01:46.854, 105.09, 1500, 150.00, 0, 65
2026/10/02 09:01:47.055, 92.39, 1575, 150.00, 0, 65
2026/10/02 09:01:47.255, 92.83, 1680, 150.00, 0, 64
2026/10/02 09:01:47.456, 90.43, 795, 150.00, 82, 66
2026/10/02 09:01:47.657, 98.19, 795, 150.00, 100, 66
2026/10/02 09:01:47.857, 115.22, 750, 150.00, 100, 67
2026/10/02 09:01:48.058, 114.72, 1590, 150.00, 41, 65
2026/10/02 09:01:48.258, 114.92, 1590, 150.00, 4, 65
2026/10/02 09:01:48.459, 108.36, 1680, 150.00, 0, 64
2026/10/02 09:01:48.659, 99.64, 810, 150.00, 0, 66
2026/10/02 09:01:48.860, 99.65, 795, 150.00, 100, 66
2026/10/02 09:01:49.060, 104.76, 795, 150.00, 100, 67
2026/10/02 09:01:49.261, 104.58, 1680, 150.00, 50, 65
2026/10/02 09:01:49.461, 105.72, 1680, 150.00, 0, 64
2026/10/02 09:01:49.662, 119.97, 795, 150.00, 83, 66
2026/10/02 09:01:49.862, 118.17, 795, 150.00, 49, 66
2026/10/02 09:01:50.063, 119.02, 795, 150.00, 50, 66
2026/10/02 09:01:50.263, 124.63, 615, 150.00, 29, 66
2026/10/02 09:01:50.464, 123.58, 1680, 150.00, 35, 65
2026/10/02 09:01:50.665, 116.85, 1680, 150.00, 0, 64
2026/10/02 09:01:50.865, 117.41, 1650, 150.00, 30, 64
2026/10/02 09:01:51.066, 101.50, 1680, 150.00, 0, 64
2026/10/02 09:01:51.266, 94.95, 1680, 150.00, 57, 64
2026/10/02 09:01:51.467, 95.97, 795, 150.00, 61, 66
2026/10/02 09:01:51.667, 111.27, 780, 150.00, 100, 66
2026/10/02 09:01:51.868, 112.38, 780, 150.00, 100, 67
2026/10/02 09:01:52.068, 128.96, 765, 150.00, 100, 67
2026/10/02 09:01:52.269, 140.25, 750, 150.00, 100, 67
2026/10/02 09:01:52.469, 149.54, 765, 150.00, 100, 67
2026/10/02 09:01:52.670, 149.79, 780, 150.00, 100, 67
2026/10/02 09:01:52.871, 149.66, 795, 150.00, 100, 67
2026/10/02 09:01:53.071, 148.30, 675, 150.00, 100, 67
2026/10/02 09:01:53.272, 149.46, 735, 150.00, 100, 67
2026/10/02 09:01:53.472, 135.41, 1680, 150.00, 75, 65
2026/10/02 09:01:53.673, 120.55, 1680, 150.00, 0, 65
2026/10/02 09:01:53.873, 105.48, 1695, 150.00, 0, 64
2026/10/02 09:01:54.074, 90.38, 1695, 150.00, 0, 64
2026/10/02 09:01:54.275, 77.14, 1695, 150.00, 0, 64
2026/10/02 09:01:54.475, 85.00, 945, 150.00, 0, 65
2026/10/02 09:01:54.676, 97.69, 855, 150.00, 16, 66
2026/10/02 09:01:54.876, 101.68, 840, 150.00, 17, 65
2026/10/02 09:01:55.077, 107.56, 855, 150.00, 100, 66
2026/10/02 09:01:55.277, 106.37, 1680, 150.00, 57, 65
2026/10/02 09:01:55.478, 111.98, 615, 150.00, 0, 66
2026/10/02 09:01:55.679, 116.01, 1140, 150.00, 31, 65
2026/10/02 09:01:55.879, 102.87, 1680, 150.00, 6, 64
2026/10/02 09:01:56.080, 103.65, 600, 150.00, 60, 66
2026/10/02 09:01:56.280, 107.56, 750, 150.00, 38, 66
2026/10/02 09:01:56.481, 117.49, 600, 150.00, 54, 65
2026/10/02 09:01:56.681, 103.19, 1680, 150.00, 46, 64
2026/10/02 09:01:56.882, 92.97, 1680, 150.00, 0, 64
2026/10/02 09:01:57.082, 112.90, 795, 150.00, 20, 65
2026/10/02 09:01:57.283, 110.27, 1035, 150.00, 25, 65
2026/10/02 09:01:57.484, 118.61, 765, 150.00, 71, 66
2026/10/02 09:01:57.684, 124.00, 780, 150.00, 100, 66
2026/10/02 09:01:57.885, 139.55, 780, 150.00, 100, 67
2026/10/02 09:01:58.085, 132.74, 1230, 150.00, 100, 66
2026/10/02 09:01:58.286, 125.34, 1560, 150.00, 61, 66
2026/10/02 09:01:58.486, 120.89, 810, 150.00, 0, 66
2026/10/02 09:01:58.687, 120.48, 795, 150.00, 100, 67
2026/10/02 09:01:58.887, 111.98, 1575, 150.00, 100, 66
2026/10/02 09:01:59.088, 104.20, 765, 150.00, 0, 66
2026/10/02 09:01:59.289, 120.53, 780, 150.00, 100, 67
2026/10/02 09:01:59.489, 136.40, 780, 150.00, 100, 67
2026/10/02 09:01:59.690, 137.61, 780, 150.00, 100, 67
2026/10/02 09:01:59.890, 134.70, 705, 150.00, 100, 67
2026/10/02 09:02:00.091, 143.72, 1485, 150.00, 100, 66
2026/10/02 09:02:00.291, 127.68, 1560, 150.00, 0, 66
2026/10/02 09:02:00.492, 128.44, 795, 150.00, 62, 67
2026/10/02 09:02:00.692, 128.50, 915, 150.00, 100, 67
2026/10/02 09:02:00.893, 121.66, 1095, 150.00, 94, 67
2026/10/02 09:02:01.094, 115.85, 1605, 150.00, 90, 66
2026/10/02 09:02:01.294, 124.46, 645, 150.00, 61, 66
2026/10/02 09:02:01.495, 130.81, 690, 150.00, 100, 67
2026/10/02 09:02:01.695, 114.54, 1680, 150.00, 48, 65
2026/10/02 09:02:01.896, 101.24, 885, 150.00, 0, 66
2026/10/02 09:02:02.096, 109.58, 750, 150.00, 96, 67
2026/10/02 09:02:02.297, 117.23, 1050, 150.00, 91, 67
2026/10/02 09:02:02.497, 101.54, 1485, 150.00, 59, 66
2026/10/02 09:02:02.698, 107.56, 810, 150.00, 59, 67
2026/10/02 09:02:02.899, 106.89, 1680, 150.00, 68, 65
2026/10/02 09:02:03.099, 110.82, 795, 150.00, 9, 67
2026/10/02 09:02:03.300, 108.63, 795, 150.00, 100, 67
2026/10/02 09:02:03.500, 110.09, 1680, 150.00, 74, 66
2026/10/02 09:02:03.701, 114.35, 630, 150.00, 0, 67
2026/10/02 09:02:03.901, 119.29, 1665, 150.00, 100, 65
2026/10/02 09:02:04.102, 125.71, 1650, 150.00, 35, 65
2026/10/02 09:02:04.302, 110.35, 1560, 150.00, 0, 66
2026/10/02 09:02:04.503, 102.62, 1680, 150.00, 0, 65
2026/10/02 09:02:04.703, 123.53, 795, 150.00, 38, 67
2026/10/02 09:02:04.904, 117.38, 795, 150.00, 100, 67
2026/10/02 09:02:05.104, 119.63, 1290, 150.00, 100, 67
2026/10/02 09:02:05.305, 141.02, 795, 150.00, 27, 67
2026/10/02 09:02:05.505, 157.01, 795, 150.00, 100, 67
2026/10/02 09:02:05.706, 158.78, 780, 150.00, 100, 68
2026/10/02 09:02:05.906, 151.12, 1020, 150.00, 98, 67
2026/10/02 09:02:06.107, 140.33, 1590, 150.00, 74, 66
2026/10/02 09:02:06.308, 131.05, 1635, 150.00, 21, 66
2026/10/02 09:02:06.508, 127.55, 1095, 150.00, 0, 66
2026/10/02 09:02:06.709, 123.98, 855, 150.00, 29, 66
2026/10/02 09:02:06.909, 107.69, 975, 150.00, 61, 66
2026/10/02 09:02:07.110, 108.20, 1635, 150.00, 100, 66
2026/10/02 09:02:07.310, 96.84, 1680, 150.00, 0, 65
2026/10/02 09:02:07.511, 98.01, 1695, 150.00, 0, 65
2026/10/02 09:02:07.711, 75.96, 1470, 150.00, 61, 65
2026/10/02 09:02:07.912, 76.81, 1425, 150.00, 0, 65
2026/10/02 09:02:08.113, 70.72, 1680, 150.00, 0, 65
2026/10/02 09:02:08.313, 71.91, 900, 150.00, 5, 66
2026/10/02 09:02:08.514, 84.46, 570, 150.00, 23, 66
2026/10/02 09:02:08.715, 98.94, 780, 150.00, 100, 67
2026/10/02 09:02:08.915, 114.91, 720, 150.00, 84, 67
2026/10/02 09:02:09.116, 130.02, 780, 150.00, 100, 67
2026/10/02 09:02:09.316, 144.92, 510, 150.00, 100, 67
2026/10/02 09:02:09.517, 158.77, 765, 150.00, 100, 67
2026/10/02 09:02:09.718, 152.72, 675, 150.00, 100, 68
2026/10/02 09:02:09.918, 152.44, 780, 150.00, 100, 68
2026/10/02 09:02:10.119, 151.20, 780, 150.00, 100, 68
2026/10/02 09:02:10.319, 149.90, 705, 150.00, 100, 68
2026/10/02 09:02:10.520, 150.00, 750, 150.00, 100, 68
2026/10/02 09:02:10.720, 150.08, 765, 150.00, 100, 68
2026/10/02 09:02:10.921, 150.25, 780, 150.00, 100, 68
2026/10/02 09:02:11.122, 150.19, 720, 150.00, 100, 68
2026/10/02 09:02:11.322, 149.22, 720, 150.00, 100, 68
2026/10/02 09:02:11.523, 149.93, 750, 150.00, 100, 68
2026/10/02 09:02:11.723, 150.11, 750, 150.00, 100, 68
2026/10/02 09:02:11.924, 150.33, 765, 150.00, 100, 68
2026/10/02 09:02:12.124, 150.02, 720, 150.00, 100, 68
2026/10/02 09:02:12.325, 149.63, 735, 150.00, 100, 68
2026/10/02 09:02:12.526, 149.93, 750, 150.00, 100, 68
2026/10/02 09:02:12.726, 150.23, 750, 150.00, 100, 68
2026/10/02 09:02:12.927, 150.39, 750, 150.00, 100, 68
2026/10/02 09:02:13.128, 150.01, 720, 150.00, 100, 68
2026/10/02 09:02:13.328, 149.76, 735, 150.00, 100, 68
2026/10/02 09:02:13.529, 149.98, 735, 150.00, 100, 69
2026/10/02 09:02:13.729, 150.05, 750, 150.00, 100, 69
2026/10/02 09:02:13.930, 149.96, 750, 150.00, 100, 69
2026/10/02 09:02:14.131, 149.73, 735, 150.00, 100, 69
2026/10/02 09:02:14.331, 149.70, 720, 150.00, 100, 69
2026/10/02 09:02:14.532, 149.76, 750, 150.00, 100, 69
2026/10/02 09:02:14.732, 150.03, 750, 150.00, 100, 69
2026/10/02 09:02:14.933, 149.98, 735, 150.00, 100, 69
2026/10/02 09:02:15.134, 149.86, 735, 150.00, 100, 69
2026/10/02 09:02:15.334, 149.84, 735, 150.00, 100, 69
2026/10/02 09:02:15.535, 149.97, 735, 150.00, 100, 69
2026/10/02 09:02:15.735, 150.11, 750, 150.00, 100, 69
2026/10/02 09:02:15.936, 150.08, 735, 150.00, 100, 69
2026/10/02 09:02:16.137, 149.81, 735, 150.00, 100, 69
2026/10/02 09:02:16.337, 149.79, 720, 150.00, 100, 69
2026/10/02 09:02:16.538, 149.74, 735, 150.00, 100, 69
2026/10/02 09:02:16.738, 149.80, 750, 150.00, 100, 69
2026/10/02 09:02:16.939, 149.71, 735, 150.00, 100, 69
2026/10/02 09:02:17.139, 149.67, 735, 150.00, 100, 69
2026/10/02 09:02:17.340, 149.60, 735, 150.00, 100, 69
2026/10/02 09:02:17.541, 149.71, 735, 150.00, 100, 69
2026/10/02 09:02:17.741, 135.43, 1680, 150.00, 0, 68
2026/10/02 09:02:17.942, 141.37, 780, 150.00, 100, 69
2026/10/02 09:02:18.142, 132.43, 675, 150.00, 71, 69
2026/10/02 09:02:18.343, 132.76, 765, 150.00, 100, 69
2026/10/02 09:02:18.543, 125.69, 1680, 150.00, 4, 68
2026/10/02 09:02:18.744, 129.27, 705, 150.00, 86, 69
2026/10/02 09:02:18.945, 130.84, 1020, 150.00, 100, 69
2026/10/02 09:02:19.145, 117.59, 1260, 150.00, 0, 67
2026/10/02 09:02:19.346, 113.97, 795, 150.00, 0, 67
2026/10/02 09:02:19.546, 113.13, 780, 150.00, 100, 69
2026/10/02 09:02:19.747, 120.14, 765, 150.00, 100, 69
2026/10/02 09:02:19.947, 125.57, 765, 150.00, 100, 69
2026/10/02 09:02:20.148, 134.17, 1380, 150.00, 85, 70
2026/10/02 09:02:20.349, 136.88, 780, 150.00, 74, 69
2026/10/02 09:02:20.549, 145.75, 780, 150.00, 100, 69
2026/10/02 09:02:20.750, 145.79, 765, 150.00, 100, 70
2026/10/02 09:02:20.950, 145.94, 1095, 150.00, 100, 70
2026/10/02 09:02:21.151, 141.68, 1665, 150.00, 27, 68
2026/10/02 09:02:21.352, 141.03, 795, 150.00, 85, 69
2026/10/02 09:02:21.552, 141.38, 780, 150.00, 100, 69
2026/10/02 09:02:21.753, 141.04, 765, 150.00, 100, 70
2026/10/02 09:02:21.953, 134.30, 795, 150.00, 55, 69
2026/10/02 09:02:22.154, 127.93, 780, 150.00, 71, 69
2026/10/02 09:02:22.354, 143.40, 780, 150.00, 100, 70
2026/10/02 09:02:22.555, 144.54, 780, 150.00, 100, 70
2026/10/02 09:02:22.756, 143.85, 765, 150.00, 100, 70
2026/10/02 09:02:22.956, 150.61, 765, 150.00, 100, 70
2026/10/02 09:02:23.157, 150.00, 750, 150.00, 100, 70
2026/10/02 09:02:23.357, 150.69, 765, 150.00, 100, 70
2026/10/02 09:02:23.558, 150.64, 765, 150.00, 100, 70
2026/10/02 09:02:23.758, 149.90, 720, 150.00, 100, 70
2026/10/02 09:02:23.959, 149.20, 705, 150.00, 100, 70
2026/10/02 09:02:24.159, 146.19, 780, 150.00, 100, 70
2026/10/02 09:02:24.360, 146.66, 780, 150.00, 100, 70
2026/10/02 09:02:24.561, 146.79, 765, 150.00, 100, 70
2026/10/02 09:02:24.761, 146.46, 705, 150.00, 100, 70
2026/10/02 09:02:24.962, 145.27, 735, 150.00, 100, 70
2026/10/02 09:02:25.162, 149.77, 765, 150.00, 100, 70
2026/10/02 09:02:25.363, 150.25, 765, 150.00, 100, 70
2026/10/02 09:02:25.564, 150.05, 750, 150.00, 100, 70
2026/10/02 09:02:25.764, 149.73, 630, 150.00, 100, 70
2026/10/02 09:02:25.965, 148.90, 720, 150.00, 100, 70
2026/10/02 09:02:26.165, 150.36, 750, 150.00, 100, 70
2026/10/02 09:02:26.366, 150.50, 765, 150.00, 100, 71
2026/10/02 09:02:26.566, 150.15, 750, 150.00, 100, 71
2026/10/02 09:02:26.767, 141.74, 1635, 150.00, 59, 69
2026/10/02 09:02:26.967, 128.79, 1680, 150.00, 0, 68
2026/10/02 09:02:27.168, 124.52, 780, 150.00, 100, 70
2026/10/02 09:02:27.369, 120.48, 750, 150.00, 18, 70
2026/10/02 09:02:27.569, 117.96, 780, 150.00, 100, 70
2026/10/02 09:02:27.770, 118.24, 765, 150.00, 100, 70
2026/10/02 09:02:27.970, 130.98, 615, 150.00, 16, 70
2026/10/02 09:02:28.171, 144.91, 765, 150.00, 100, 70
2026/10/02 09:02:28.372, 155.01, 780, 150.00, 66, 70
2026/10/02 09:02:28.572, 153.33, 765, 150.00, 100, 71
2026/10/02 09:02:28.773, 153.71, 465, 150.00, 100, 71
2026/10/02 09:02:28.973, 158.31, 750, 150.00, 100, 70
2026/10/02 09:02:29.174, 151.86, 765, 150.00, 100, 71
2026/10/02 09:02:29.375, 152.16, 765, 150.00, 100, 71
2026/10/02 09:02:29.575, 151.22, 765, 150.00, 100, 71
2026/10/02 09:02:29.776, 150.40, 675, 150.00, 100, 71
2026/10/02 09:02:29.976, 150.43, 735, 150.00, 100, 71
2026/10/02 09:02:30.177, 150.29, 735, 150.00, 100, 71
2026/10/02 09:02:30.377, 150.44, 765, 150.00, 100, 71
2026/10/02 09:02:30.578, 150.43, 720, 150.00, 100, 71
2026/10/02 09:02:30.779, 149.31, 705, 150.00, 100, 71
2026/10/02 09:02:30.979, 149.85, 720, 150.00, 100, 71
2026/10/02 09:02:31.180, 150.10, 735, 150.00, 100, 71
2026/10/02 09:02:31.380, 150.19, 750, 150.00, 100, 71
2026/10/02 09:02:31.581, 149.92, 720, 150.00, 100, 71
2026/10/02 09:02:31.781, 149.28, 720, 150.00, 100, 71
2026/10/02 09:02:31.982, 149.75, 720, 150.00, 100, 71
2026/10/02 09:02:32.183, 149.86, 735, 150.00, 100, 71
2026/10/02 09:02:32.383, 150.01, 750, 150.00, 100, 71
2026/10/02 09:02:32.584, 149.91, 720, 150.00, 100, 71
2026/10/02 09:02:32.784, 149.58, 705, 150.00, 100, 71
2026/10/02 09:02:32.985, 149.65, 720, 150.00, 100, 71
2026/10/02 09:02:33.185, 149.78, 750, 150.00, 100, 71
2026/10/02 09:02:33.386, 150.16, 750, 150.00, 100, 71
2026/10/02 09:02:33.587, 150.01, 720, 150.00, 100, 71
2026/10/02 09:02:33.787, 149.99, 720, 150.00, 100, 71
2026/10/02 09:02:33.988, 150.03, 720, 150.00, 100, 71
2026/10/02 09:02:34.188, 150.24, 735, 150.00, 100, 71
2026/10/02 09:02:34.389, 150.38, 735, 150.00, 100, 71
2026/10/02 09:02:34.590, 150.12, 720, 150.00, 100, 71
2026/10/02 09:02:34.790, 149.93, 720, 150.00, 100, 71
2026/10/02 09:02:34.991, 149.93, 720, 150.00, 100, 71
2026/10/02 09:02:35.191, 150.00, 735, 150.00, 100, 71
2026/10/02 09:02:35.392, 149.96, 735, 150.00, 100, 72
2026/10/02 09:02:35.592, 141.67, 1650, 150.00, 46, 70
2026/10/02 09:02:35.793, 135.40, 705, 150.00, 47, 70
2026/10/02 09:02:35.994, 135.11, 765, 150.00, 100, 71
2026/10/02 09:02:36.194, 138.60, 660, 150.00, 43, 71
2026/10/02 09:02:36.395, 131.76, 750, 150.00, 89, 71
2026/10/02 09:02:36.595, 132.32, 765, 150.00, 100, 72
2026/10/02 09:02:36.796, 139.16, 750, 150.00, 100, 72
2026/10/02 09:02:36.997, 148.57, 465, 150.00, 100, 72
2026/10/02 09:02:37.197, 145.46, 705, 150.00, 100, 71
2026/10/02 09:02:37.398, 150.71, 750, 150.00, 100, 72
2026/10/02 09:02:37.598, 149.65, 750, 150.00, 100, 72
2026/10/02 09:02:37.799, 149.66, 765, 150.00, 100, 72
2026/10/02 09:02:37.999, 149.03, 630, 150.00, 100, 72
2026/10/02 09:02:38.200, 140.71, 1650, 150.00, 48, 70
2026/10/02 09:02:38.401, 143.16, 705, 150.00, 94, 71
2026/10/02 09:02:38.601, 134.85, 1635, 150.00, 64, 71
2026/10/02 09:02:38.802, 127.94, 615, 150.00, 49, 70
2026/10/02 09:02:39.002, 127.04, 765, 150.00, 100, 72
2026/10/02 09:02:39.203, 128.79, 765, 150.00, 100, 72
2026/10/02 09:02:39.404, 135.75, 765, 150.00, 100, 72
2026/10/02 09:02:39.604, 136.55, 525, 150.00, 100, 72
2026/10/02 09:02:39.805, 139.95, 1230, 150.00, 100, 72
2026/10/02 09:02:40.005, 141.92, 1680, 150.00, 7, 70
2026/10/02 09:02:40.206, 148.09, 765, 150.00, 90, 71
2026/10/02 09:02:40.407, 148.35, 765, 150.00, 100, 72
2026/10/02 09:02:40.607, 148.36, 765, 150.00, 100, 72
2026/10/02 09:02:40.808, 151.90, 765, 150.00, 100, 72
2026/10/02 09:02:41.008, 150.64, 675, 150.00, 100, 72
2026/10/02 09:02:41.209, 151.79, 750, 150.00, 100, 72
2026/10/02 09:02:41.409, 151.33, 765, 150.00, 100, 72
2026/10/02 09:02:41.610, 151.39, 750, 150.00, 100, 72
2026/10/02 09:02:41.811, 150.74, 630, 150.00, 100, 72
2026/10/02 09:02:42.011, 150.21, 690, 150.00, 100, 72
2026/10/02 09:02:42.212, 143.00, 1680, 150.00, 0, 70
2026/10/02 09:02:42.412, 144.06, 1515, 150.00, 95, 71
2026/10/02 09:02:42.613, 147.45, 750, 150.00, 100, 72
2026/10/02 09:02:42.813, 147.24, 750, 150.00, 100, 72
2026/10/02 09:02:43.014, 148.72, 765, 150.00, 100, 72
2026/10/02 09:02:43.214, 149.70, 750, 150.00, 100, 72
2026/10/02 09:02:43.415, 154.24, 720, 150.00, 100, 72
2026/10/02 09:02:43.616, 151.21, 1125, 150.00, 100, 72
2026/10/02 09:02:43.816, 153.87, 765, 150.00, 100, 72
2026/10/02 09:02:44.017, 146.15, 855, 150.00, 70, 71
2026/10/02 09:02:44.217, 133.49, 1215, 150.00, 0, 70
2026/10/02 09:02:44.418, 134.43, 765, 150.00, 100, 72
2026/10/02 09:02:44.618, 132.39, 750, 150.00, 40, 72
2026/10/02 09:02:44.819, 129.74, 750, 150.00, 100, 72
2026/10/02 09:02:45.020, 137.38, 750, 150.00, 100, 72
2026/10/02 09:02:45.220, 150.64, 750, 150.00, 100, 72
2026/10/02 09:02:45.421, 148.85, 690, 150.00, 100, 72
2026/10/02 09:02:45.622, 150.75, 750, 150.00, 100, 72
2026/10/02 09:02:45.822, 150.66, 750, 150.00, 100, 72
2026/10/02 09:02:46.023, 150.55, 750, 150.00, 100, 72
2026/10/02 09:02:46.223, 150.06, 630, 150.00, 100, 72
2026/10/02 09:02:46.424, 149.93, 705, 150.00, 100, 72
2026/10/02 09:02:46.625, 150.26, 750, 150.00, 100, 72
2026/10/02 09:02:46.825, 150.47, 750, 150.00, 100, 72
2026/10/02 09:02:47.026, 150.48, 735, 150.00, 100, 73
2026/10/02 09:02:47.226, 149.57, 675, 150.00, 100, 72
2026/10/02 09:02:47.427, 149.93, 720, 150.00, 100, 72
2026/10/02 09:02:47.628, 142.47, 1665, 150.00, 100, 71
2026/10/02 09:02:47.828, 128.46, 1680, 150.00, 0, 70
2026/10/02 09:02:48.029, 125.07, 660, 150.00, 46, 71
2026/10/02 09:02:48.229, 110.39, 1680, 150.00, 61, 70
2026/10/02 09:02:48.430, 97.58, 1680, 150.00, 0, 70
2026/10/02 09:02:48.631, 98.07, 1275, 150.00, 0, 71
2026/10/02 09:02:48.831, 106.02, 780, 150.00, 38, 71
2026/10/02 09:02:49.032, 108.89, 750, 150.00, 100, 72
2026/10/02 09:02:49.232, 124.42, 750, 150.00, 100, 72
2026/10/02 09:02:49.433, 138.78, 765, 150.00, 100, 72
2026/10/02 09:02:49.633, 149.95, 765, 150.00, 100, 72
2026/10/02 09:02:49.834, 151.12, 750, 150.00, 100, 72
2026/10/02 09:02:50.034, 149.90, 750, 150.00, 100, 72
2026/10/02 09:02:50.235, 149.80, 750, 150.00, 100, 72
2026/10/02 09:02:50.436, 149.76, 645, 150.00, 100, 72
2026/10/02 09:02:50.636, 147.74, 690, 150.00, 100, 72
2026/10/02 09:02:50.837, 150.09, 735, 150.00, 100, 72
2026/10/02 09:02:51.037, 150.28, 750, 150.00, 100, 73
2026/10/02 09:02:51.238, 150.25, 750, 150.00, 100, 73
2026/10/02 09:02:51.438, 149.70, 675, 150.00, 100, 73
2026/10/02 09:02:51.639, 149.42, 705, 150.00, 100, 72
2026/10/02 09:02:51.840, 150.02, 735, 150.00, 100, 73
2026/10/02 09:02:52.040, 150.29, 735, 150.00, 100, 73
2026/10/02 09:02:52.241, 150.27, 720, 150.00, 100, 73
2026/10/02 09:02:52.442, 149.75, 690, 150.00, 100, 73
2026/10/02 09:02:52.642, 149.72, 705, 150.00, 100, 72
2026/10/02 09:02:52.843, 142.09, 705, 150.00, 100, 71
2026/10/02 09:02:53.043, 136.06, 645, 150.00, 64, 71
2026/10/02 09:02:53.244, 135.52, 750, 150.00, 100, 72
2026/10/02 09:02:53.444, 134.77, 690, 150.00, 100, 72
2026/10/02 09:02:53.645, 135.58, 750, 150.00, 76, 73
2026/10/02 09:02:53.846, 128.43, 855, 150.00, 100, 71
2026/10/02 09:02:54.046, 137.66, 765, 150.00, 63, 73
2026/10/02 09:02:54.247, 145.39, 750, 150.00, 100, 73
2026/10/02 09:02:54.447, 145.26, 750, 150.00, 100, 73
2026/10/02 09:02:54.648, 138.43, 1665, 150.00, 100, 72
2026/10/02 09:02:54.848, 135.88, 780, 150.00, 39, 71
2026/10/02 09:02:55.049, 138.22, 705, 150.00, 65, 72
2026/10/02 09:02:55.249, 138.39, 1260, 150.00, 94, 73
2026/10/02 09:02:55.450, 123.04, 1680, 150.00, 42, 71
2026/10/02 09:02:55.650, 110.40, 1620, 150.00, 0, 71
2026/10/02 09:02:55.851, 118.75, 1500, 150.00, 31, 72
2026/10/02 09:02:56.051, 110.67, 975, 150.00, 18, 71
2026/10/02 09:02:56.252, 109.97, 1680, 150.00, 57, 71
2026/10/02 09:02:56.452, 105.70, 720, 150.00, 0, 72
2026/10/02 09:02:56.653, 116.87, 735, 150.00, 70, 72
2026/10/02 09:02:56.854, 120.52, 1290, 150.00, 100, 73
2026/10/02 09:02:57.054, 113.07, 1680, 150.00, 35, 70
2026/10/02 09:02:57.255, 125.63, 750, 150.00, 33, 72
2026/10/02 09:02:57.455, 140.34, 765, 150.00, 100, 72
2026/10/02 09:02:57.656, 149.44, 750, 150.00, 100, 73
2026/10/02 09:02:57.856, 147.96, 1605, 150.00, 100, 72
2026/10/02 09:02:58.057, 137.66, 615, 150.00, 0, 71
2026/10/02 09:02:58.258, 127.41, 1605, 150.00, 63, 71
2026/10/02 09:02:58.458, 120.11, 765, 150.00, 0, 72
2026/10/02 09:02:58.659, 120.17, 750, 150.00, 100, 72
2026/10/02 09:02:58.859, 120.14, 750, 150.00, 100, 72
2026/10/02 09:02:59.060, 117.50, 1680, 150.00, 91, 71
2026/10/02 09:02:59.260, 118.04, 585, 150.00, 0, 70
2026/10/02 09:02:59.461, 127.31, 750, 150.00, 69, 72
2026/10/02 09:02:59.662, 119.06, 570, 150.00, 100, 71
2026/10/02 09:02:59.862, 106.01, 1200, 150.00, 63, 70
2026/10/02 09:03:00.063, 111.51, 765, 150.00, 53, 72
2026/10/02 09:03:00.263, 117.84, 1665, 150.00, 100, 71
2026/10/02 09:03:00.464, 112.55, 1680, 150.00, 0, 70
2026/10/02 09:03:00.664, 98.33, 630, 150.00, 0, 71
2026/10/02 09:03:00.865, 96.89, 1665, 150.00, 64, 70
2026/10/02 09:03:01.065, 111.57, 1440, 150.00, 43, 72
2026/10/02 09:03:01.266, 102.95, 765, 150.00, 22, 71
2026/10/02 09:03:01.466, 119.46, 1215, 150.00, 100, 72
2026/10/02 09:03:01.667, 118.15, 1680, 150.00, 44, 70
2026/10/02 09:03:01.867, 138.83, 1485, 150.00, 27, 72
2026/10/02 09:03:02.068, 126.52, 1035, 150.00, 20, 71
2026/10/02 09:03:02.268, 133.15, 765, 150.00, 56, 72
2026/10/02 09:03:02.469, 126.34, 660, 150.00, 88, 72
2026/10/02 09:03:02.669, 132.94, 750, 150.00, 100, 72
2026/10/02 09:03:02.870, 134.00, 765, 150.00, 100, 72
2026/10/02 09:03:03.070, 142.29, 750, 150.00, 100, 72
2026/10/02 09:03:03.271, 146.41, 510, 150.00, 100, 72
2026/10/02 09:03:03.471, 146.87, 735, 150.00, 100, 72
2026/10/02 09:03:03.672, 150.37, 750, 150.00, 100, 72
2026/10/02 09:03:03.873, 150.30, 750, 150.00, 100, 73
2026/10/02 09:03:04.073, 142.72, 675, 150.00, 100, 71
2026/10/02 09:03:04.274, 142.44, 750, 150.00, 64, 72
2026/10/02 09:03:04.475, 143.09, 1305, 150.00, 77, 72
2026/10/02 09:03:04.675, 128.49, 585, 150.00, 34, 70
2026/10/02 09:03:04.876, 127.50, 750, 150.00, 83, 72
2026/10/02 09:03:05.076, 127.48, 750, 150.00, 100, 72
2026/10/02 09:03:05.277, 135.09, 765, 150.00, 100, 73
2026/10/02 09:03:05.477, 142.45, 435, 150.00, 100, 73
2026/10/02 09:03:05.678, 141.85, 1395, 150.00, 100, 72
2026/10/02 09:03:05.879, 159.78, 735, 150.00, 56, 73
2026/10/02 09:03:06.079, 151.90, 600, 150.00, 100, 72
2026/10/02 09:03:06.280, 151.02, 750, 150.00, 85, 73
2026/10/02 09:03:06.481, 150.79, 750, 150.00, 100, 73
2026/10/02 09:03:06.681, 147.31, 1635, 150.00, 100, 72
2026/10/02 09:03:06.882, 134.69, 765, 150.00, 0, 72
2026/10/02 09:03:07.082, 130.26, 750, 150.00, 100, 73
2026/10/02 09:03:07.283, 139.18, 750, 150.00, 100, 73
2026/10/02 09:03:07.483, 139.18, 750, 150.00, 100, 73
2026/10/02 09:03:07.684, 136.15, 720, 150.00, 100, 72
2026/10/02 09:03:07.885, 149.21, 735, 150.00, 100, 73
2026/10/02 09:03:08.085, 145.44, 1620, 150.00, 100, 72
2026/10/02 09:03:08.286, 136.91, 765, 150.00, 0, 72
2026/10/02 09:03:08.486, 128.56, 1665, 150.00, 89, 71
2026/10/02 09:03:08.687, 120.37, 750, 150.00, 0, 72
2026/10/02 09:03:08.887, 123.65, 750, 150.00, 100, 73
2026/10/02 09:03:09.088, 124.01, 750, 150.00, 100, 73
2026/10/02 09:03:09.289, 135.81, 750, 150.00, 100, 73
2026/10/02 09:03:09.489, 141.79, 690, 150.00, 100, 73
2026/10/02 09:03:09.690, 149.47, 735, 150.00, 100, 73
2026/10/02 09:03:09.890, 149.55, 750, 150.00, 100, 73
2026/10/02 09:03:10.091, 149.63, 750, 150.00, 100, 73
2026/10/02 09:03:10.291, 148.02, 600, 150.00, 100, 73
2026/10/02 09:03:10.492, 139.79, 1605, 150.00, 100, 72
2026/10/02 09:03:10.692, 139.23, 1665, 150.00, 0, 71
2026/10/02 09:03:10.893, 132.16, 1515, 150.00, 43, 72
2026/10/02 09:03:11.094, 129.46, 1680, 150.00, 13, 71
2026/10/02 09:03:11.294, 113.92, 1665, 150.00, 18, 71
2026/10/02 09:03:11.495, 121.55, 735, 150.00, 0, 71
2026/10/02 09:03:11.695, 136.07, 750, 150.00, 72, 73
2026/10/02 09:03:11.896, 121.78, 1350, 150.00, 100, 73
2026/10/02 09:03:12.097, 135.76, 765, 150.00, 35, 72
2026/10/02 09:03:12.297, 139.92, 750, 150.00, 100, 73
2026/10/02 09:03:12.498, 144.75, 750, 150.00, 100, 73
2026/10/02 09:03:12.698, 136.19, 1080, 150.00, 100, 73
2026/10/02 09:03:12.899, 135.90, 1680, 150.00, 50, 71
2026/10/02 09:03:13.100, 144.71, 750, 150.00, 31, 73
2026/10/02 09:03:13.300, 144.70, 750, 150.00, 100, 73
2026/10/02 09:03:13.501, 144.66, 750, 150.00, 100, 73
2026/10/02 09:03:13.701, 143.31, 630, 150.00, 100, 73
2026/10/02 09:03:13.902, 153.53, 690, 150.00, 100, 73
2026/10/02 09:03:14.102, 148.86, 765, 150.00, 87, 73
2026/10/02 09:03:14.303, 149.18, 765, 150.00, 100, 73
2026/10/02 09:03:14.504, 148.93, 750, 150.00, 86, 73
2026/10/02 09:03:14.704, 143.40, 750, 150.00, 100, 73
2026/10/02 09:03:14.905, 148.78, 735, 150.00, 48, 73
2026/10/02 09:03:15.105, 151.53, 750, 150.00, 100, 73
2026/10/02 09:03:15.306, 143.28, 1215, 150.00, 100, 73
2026/10/02 09:03:15.506, 149.06, 1560, 150.00, 61, 72
2026/10/02 09:03:15.707, 148.91, 750, 150.00, 100, 73
2026/10/02 09:03:15.908, 151.12, 750, 150.00, 95, 73
2026/10/02 09:03:16.108, 151.10, 750, 150.00, 100, 73
2026/10/02 09:03:16.309, 150.05, 765, 150.00, 100, 73
2026/10/02 09:03:16.509, 156.29, 690, 150.00, 100, 73
2026/10/02 09:03:16.710, 151.03, 735, 150.00, 100, 73
2026/10/02 09:03:16.910, 151.15, 735, 150.00, 100, 74
2026/10/02 09:03:17.111, 151.33, 675, 150.00, 27, 73
2026/10/02 09:03:17.311, 152.26, 750, 150.00, 100, 74
2026/10/02 09:03:17.512, 158.31, 750, 150.00, 36, 74
2026/10/02 09:03:17.713, 159.20, 750, 150.00, 100, 74
2026/10/02 09:03:17.913, 158.46, 630, 150.00, 100, 74
2026/10/02 09:03:18.114, 157.79, 750, 150.00, 100, 74
2026/10/02 09:03:18.314, 157.27, 690, 150.00, 100, 74
2026/10/02 09:03:18.515, 151.24, 735, 150.00, 100, 74
2026/10/02 09:03:18.715, 151.26, 750, 150.00, 100, 74
2026/10/02 09:03:18.916, 150.52, 735, 150.00, 100, 74
2026/10/02 09:03:19.117, 139.20, 1620, 150.00, 86, 73
2026/10/02 09:03:19.317, 124.24, 1665, 150.00, 58, 72
2026/10/02 09:03:19.518, 120.72, 1500, 150.00, 51, 73
2026/10/02 09:03:19.718, 121.94, 765, 150.00, 62, 73
2026/10/02 09:03:19.919, 122.46, 750, 150.00, 100, 73
2026/10/02 09:03:20.119, 127.52, 735, 150.00, 100, 74
2026/10/02 09:03:20.320, 143.02, 735, 150.00, 100, 74
2026/10/02 09:03:20.520, 143.71, 750, 150.00, 100, 73
2026/10/02 09:03:20.721, 150.23, 735, 150.00, 100, 74
2026/10/02 09:03:20.922, 150.05, 750, 150.00, 100, 74
2026/10/02 09:03:21.122, 150.01, 750, 150.00, 100, 74
2026/10/02 09:03:21.323, 148.93, 630, 150.00, 100, 74
2026/10/02 09:03:21.523, 150.38, 690, 150.00, 100, 74
2026/10/02 09:03:21.724, 150.27, 720, 150.00, 100, 74
2026/10/02 09:03:21.924, 150.45, 750, 150.00, 100, 74
2026/10/02 09:03:22.125, 149.84, 705, 150.00, 100, 74
2026/10/02 09:03:22.325, 149.47, 675, 150.00, 100, 74
2026/10/02 09:03:22.527, 150.07, 705, 150.00, 100, 74
2026/10/02 09:03:22.727, 142.06, 615, 150.00, 70, 73
2026/10/02 09:03:22.928, 141.71, 1635, 150.00, 35, 73
2026/10/02 09:03:23.128, 137.79, 1275, 150.00, 38, 74
2026/10/02 09:03:23.329, 141.16, 720, 150.00, 66, 73
2026/10/02 09:03:23.530, 140.80, 1680, 150.00, 35, 72
2026/10/02 09:03:23.730, 149.34, 750, 150.00, 100, 73
2026/10/02 09:03:23.931, 153.05, 735, 150.00, 100, 74
2026/10/02 09:03:24.131, 135.22, 1665, 150.00, 11, 73
2026/10/02 09:03:24.332, 141.03, 750, 150.00, 100, 74
2026/10/02 09:03:24.533, 139.81, 630, 150.00, 87, 72
2026/10/02 09:03:24.733, 134.21, 750, 150.00, 100, 74
2026/10/02 09:03:24.934, 136.72, 735, 150.00, 100, 74
2026/10/02 09:03:25.134, 144.75, 750, 150.00, 100, 74
2026/10/02 09:03:25.335, 141.94, 390, 150.00, 100, 74
2026/10/02 09:03:25.535, 149.01, 720, 150.00, 100, 74
2026/10/02 09:03:25.736, 148.98, 735, 150.00, 96, 74
2026/10/02 09:03:25.937, 148.53, 735, 150.00, 100, 74
2026/10/02 09:03:26.137, 140.00, 585, 150.00, 70, 73
2026/10/02 09:03:26.338, 139.94, 735, 150.00, 100, 74
2026/10/02 09:03:26.538, 135.45, 1350, 150.00, 34, 74
2026/10/02 09:03:26.739, 133.79, 1335, 150.00, 32, 74
2026/10/02 09:03:26.939, 125.74, 825, 150.00, 62, 74
2026/10/02 09:03:27.140, 133.16, 750, 150.00, 100, 74
2026/10/02 09:03:27.340, 118.63, 1680, 150.00, 0, 73
2026/10/02 09:03:27.541, 104.74, 1680, 150.00, 0, 72
2026/10/02 09:03:27.741, 104.24, 1350, 150.00, 30, 73
2026/10/02 09:03:27.942, 107.83, 1530, 150.00, 8, 73
2026/10/02 09:03:28.142, 116.17, 735, 150.00, 100, 73
2026/10/02 09:03:28.343, 127.38, 735, 150.00, 100, 74
2026/10/02 09:03:28.543, 141.36, 735, 150.00, 100, 74
2026/10/02 09:03:28.744, 142.60, 735, 150.00, 100, 74
2026/10/02 09:03:28.944, 145.08, 675, 150.00, 100, 74
2026/10/02 09:03:29.145, 153.33, 750, 150.00, 100, 74
2026/10/02 09:03:29.346, 150.28, 750, 150.00, 100, 74
2026/10/02 09:03:29.546, 150.34, 735, 150.00, 100, 74
2026/10/02 09:03:29.747, 142.48, 1590, 150.00, 17, 74
2026/10/02 09:03:29.947, 139.22, 660, 150.00, 70, 73
2026/10/02 09:03:30.148, 140.00, 750, 150.00, 100, 74
2026/10/02 09:03:30.348, 140.06, 735, 150.00, 100, 74
2026/10/02 09:03:30.549, 125.17, 1680, 150.00, 0, 73
2026/10/02 09:03:30.750, 117.51, 690, 150.00, 98, 73
2026/10/02 09:03:30.950, 122.47, 585, 150.00, 65, 72
2026/10/02 09:03:31.151, 120.31, 1455, 150.00, 40, 74
2026/10/02 09:03:31.351, 106.18, 930, 150.00, 62, 72
2026/10/02 09:03:31.552, 102.04, 570, 150.00, 66, 72
2026/10/02 09:03:31.752, 109.81, 540, 150.00, 59, 72
2026/10/02 09:03:31.953, 104.45, 1680, 150.00, 0, 72
2026/10/02 09:03:32.153, 97.36, 765, 150.00, 100, 73
2026/10/02 09:03:32.354, 102.38, 630, 150.00, 62, 72
2026/10/02 09:03:32.555, 110.47, 570, 150.00, 60, 72
2026/10/02 09:03:32.755, 107.82, 1680, 150.00, 0, 72
2026/10/02 09:03:32.956, 100.12, 1680, 150.00, 0, 71
2026/10/02 09:03:33.156, 100.07, 705, 150.00, 95, 72
2026/10/02 09:03:33.357, 100.23, 1485, 150.00, 40, 73
2026/10/02 09:03:33.557, 95.66, 1680, 150.00, 0, 71
2026/10/02 09:03:33.758, 88.10, 1695, 150.00, 0, 71
2026/10/02 09:03:33.958, 88.09, 1695, 150.00, 0, 71
2026/10/02 09:03:34.159, 87.52, 1665, 150.00, 0, 71
2026/10/02 09:03:34.359, 74.58, 1680, 150.00, 0, 71
2026/10/02 09:03:34.560, 83.90, 1605, 150.00, 9, 72
2026/10/02 09:03:34.760, 83.82, 1680, 150.00, 0, 71
2026/10/02 09:03:34.961, 90.94, 1620, 150.00, 4, 71
2026/10/02 09:03:35.161, 102.11, 720, 150.00, 48, 70
2026/10/02 09:03:35.362, 101.61, 1680, 150.00, 0, 71
2026/10/02 09:03:35.562, 92.62, 1680, 150.00, 0, 70
2026/10/02 09:03:35.763, 105.28, 1515, 150.00, 30, 72
2026/10/02 09:03:35.963, 98.54, 1650, 150.00, 0, 71
2026/10/02 09:03:36.163, 99.05, 1680, 150.00, 0, 70
2026/10/02 09:03:36.364, 88.72, 1695, 150.00, 0, 70
2026/10/02 09:03:36.564, 101.37, 1500, 150.00, 32, 71
2026/10/02 09:03:36.765, 88.16, 1680, 150.00, 0, 70
2026/10/02 09:03:36.966, 87.85, 1695, 150.00, 0, 70
2026/10/02 09:03:37.166, 88.14, 1695, 150.00, 0, 70
2026/10/02 09:03:37.367, 103.76, 705, 150.00, 72, 70
2026/10/02 09:03:37.567, 98.18, 570, 150.00, 55, 70
2026/10/02 09:03:37.768, 98.69, 1680, 150.00, 0, 70
2026/10/02 09:03:37.968, 98.60, 1680, 150.00, 0, 70
2026/10/02 09:03:38.169, 99.26, 1650, 150.00, 0, 70
2026/10/02 09:03:38.370, 94.64, 600, 150.00, 63, 70
2026/10/02 09:03:38.570, 87.45, 1680, 150.00, 0, 70
2026/10/02 09:03:38.771, 79.34, 1680, 150.00, 0, 69
2026/10/02 09:03:38.971, 87.77, 540, 150.00, 59, 69
2026/10/02 09:03:39.172, 90.00, 1650, 150.00, 0, 70
2026/10/02 09:03:39.372, 95.35, 1335, 150.00, 57, 71
2026/10/02 09:03:39.573, 91.68, 1680, 150.00, 0, 70
2026/10/02 09:03:39.773, 102.19, 1605, 150.00, 9, 70
2026/10/02 09:03:39.974, 101.69, 1665, 150.00, 0, 70
2026/10/02 09:03:40.174, 89.68, 1680, 150.00, 0, 69
2026/10/02 09:03:40.375, 83.67, 1695, 150.00, 0, 69
2026/10/02 09:03:40.576, 87.98, 1650, 150.00, 0, 70
2026/10/02 09:03:40.776, 76.78, 1680, 150.00, 0, 69
2026/10/02 09:03:40.976, 87.91, 1605, 150.00, 10, 70
2026/10/02 09:03:41.177, 86.82, 1680, 150.00, 0, 70
2026/10/02 09:03:41.378, 96.13, 1605, 150.00, 12, 70
2026/10/02 09:03:41.578, 107.91, 765, 150.00, 100, 71
2026/10/02 09:03:41.779, 107.29, 1680, 150.00, 0, 70
2026/10/02 09:03:41.979, 96.37, 1680, 150.00, 0, 69
2026/10/02 09:03:42.180, 97.56, 1005, 150.00, 61, 70
2026/10/02 09:03:42.380, 88.30, 1680, 150.00, 0, 69
2026/10/02 09:03:42.581, 79.79, 1695, 150.00, 0, 69
2026/10/02 09:03:42.781, 73.72, 1695, 150.00, 0, 69
2026/10/02 09:03:42.982, 73.72, 1695, 150.00, 0, 69
2026/10/02 09:03:43.182, 73.72, 1695, 150.00, 0, 68
2026/10/02 09:03:43.383, 73.72, 1695, 150.00, 0, 68
2026/10/02 09:03:43.584, 102.81, 1620, 150.00, 1, 70
2026/10/02 09:03:43.784, 104.00, 1650, 150.00, 0, 69
2026/10/02 09:03:43.985, 106.42, 1290, 150.00, 57, 70
2026/10/02 09:03:44.185, 106.24, 1680, 150.00, 0, 69
2026/10/02 09:03:44.386, 111.31, 1440, 150.00, 41, 70
2026/10/02 09:03:44.586, 88.44, 1260, 150.00, 59, 70
2026/10/02 09:03:44.787, 101.08, 765, 150.00, 100, 70
2026/10/02 09:03:44.987, 96.58, 1680, 150.00, 0, 69
2026/10/02 09:03:45.188, 119.14, 735, 150.00, 90, 70
2026/10/02 09:03:45.388, 105.26, 1680, 150.00, 0, 69
2026/10/02 09:03:45.589, 105.95, 1680, 150.00, 0, 68
2026/10/02 09:03:45.789, 100.77, 1695, 150.00, 0, 68
2026/10/02 09:03:45.990, 94.65, 1695, 150.00, 0, 68
2026/10/02 09:03:46.191, 81.17, 1695, 150.00, 0, 68
2026/10/02 09:03:46.391, 81.17, 1695, 150.00, 0, 68
2026/10/02 09:03:46.592, 81.17, 1695, 150.00, 0, 68
2026/10/02 09:03:46.792, 117.80, 1110, 150.00, 80, 69
2026/10/02 09:03:46.993, 129.91, 1245, 150.00, 30, 68
2026/10/02 09:03:47.193, 128.09, 1020, 150.00, 62, 68
2026/10/02 09:03:47.394, 123.36, 1680, 150.00, 0, 68
2026/10/02 09:03:47.595, 116.28, 1695, 150.00, 0, 68
2026/10/02 09:03:47.795, 96.79, 1320, 150.00, 53, 69
2026/10/02 09:03:47.996, 89.90, 840, 150.00, 58, 68
2026/10/02 09:03:48.196, 77.23, 1680, 150.00, 0, 68
2026/10/02 09:03:48.397, 102.97, 1035, 150.00, 63, 69
2026/10/02 09:03:48.597, 109.51, 1605, 150.00, 12, 70
2026/10/02 09:03:48.798, 104.00, 1680, 150.00, 0, 68
2026/10/02 09:03:48.998, 105.44, 1695, 150.00, 0, 68
2026/10/02 09:03:49.199, 105.19, 1695, 150.00, 0, 67
2026/10/02 09:03:49.399, 105.85, 780, 150.00, 92, 69
2026/10/02 09:03:49.600, 87.17, 1680, 150.00, 0, 68
2026/10/02 09:03:49.800, 98.91, 795, 150.00, 87, 69
2026/10/02 09:03:50.001, 98.61, 1680, 150.00, 0, 68
2026/10/02 09:03:50.201, 97.78, 1095, 150.00, 60, 68
2026/10/02 09:03:50.402, 99.67, 1680, 150.00, 18, 68
2026/10/02 09:03:50.603, 93.79, 1680, 150.00, 0, 68
2026/10/02 09:03:50.803, 95.56, 1590, 150.00, 14, 69
2026/10/02 09:03:51.004, 91.75, 1275, 150.00, 56, 69
2026/10/02 09:03:51.204, 116.35, 1110, 150.00, 59, 69
2026/10/02 09:03:51.405, 129.10, 1680, 150.00, 20, 68
2026/10/02 09:03:51.605, 127.24, 1680, 150.00, 16, 68
2026/10/02 09:03:51.806, 115.03, 1680, 150.00, 0, 68
2026/10/02 09:03:52.006, 117.67, 1650, 150.00, 0, 68
2026/10/02 09:03:52.207, 105.54, 1680, 150.00, 0, 67
2026/10/02 09:03:52.407, 102.69, 585, 150.00, 62, 67
2026/10/02 09:03:52.608, 104.03, 1140, 150.00, 34, 67
2026/10/02 09:03:52.809, 94.40, 1680, 150.00, 0, 68
2026/10/02 09:03:53.009, 104.75, 1485, 150.00, 38, 68
2026/10/02 09:03:53.210, 112.98, 1680, 150.00, 11, 67
2026/10/02 09:03:53.410, 120.96, 1470, 150.00, 41, 69
2026/10/02 09:03:53.611, 113.63, 1665, 150.00, 0, 68
2026/10/02 09:03:53.811, 104.89, 1320, 150.00, 53, 68
2026/10/02 09:03:54.012, 100.13, 600, 150.00, 58, 67
2026/10/02 09:03:54.212, 110.06, 600, 150.00, 56, 67
2026/10/02 09:03:54.413, 98.33, 1365, 150.00, 49, 69
2026/10/02 09:03:54.613, 99.65, 1680, 150.00, 0, 67
2026/10/02 09:03:54.814, 108.63, 1350, 150.00, 28, 67
2026/10/02 09:03:55.014, 108.94, 1680, 150.00, 0, 67
2026/10/02 09:03:55.215, 99.14, 1665, 150.00, 0, 68
2026/10/02 09:03:55.415, 91.90, 585, 150.00, 57, 67
2026/10/02 09:03:55.616, 92.79, 1680, 150.00, 0, 67
2026/10/02 09:03:55.816, 100.13, 600, 150.00, 65, 67
2026/10/02 09:03:56.017, 88.41, 1665, 150.00, 0, 68
2026/10/02 09:03:56.217, 89.56, 1680, 150.00, 0, 67
2026/10/02 09:03:56.418, 99.30, 1605, 150.00, 9, 68
2026/10/02 09:03:56.618, 90.16, 1050, 150.00, 66, 68
2026/10/02 09:03:56.819, 108.39, 1560, 150.00, 31, 69
2026/10/02 09:03:57.019, 98.39, 1680, 150.00, 0, 68
2026/10/02 09:03:57.220, 98.54, 1680, 150.00, 0, 67
2026/10/02 09:03:57.421, 97.63, 645, 150.00, 56, 67
2026/10/02 09:03:57.621, 97.91, 1680, 150.00, 0, 67
2026/10/02 09:03:57.822, 85.47, 1680, 150.00, 0, 67
2026/10/02 09:03:58.022, 81.44, 1695, 150.00, 0, 66
2026/10/02 09:03:58.223, 81.57, 1695, 150.00, 0, 66
2026/10/02 09:03:58.423, 83.55, 1650, 150.00, 0, 67
2026/10/02 09:03:58.624, 87.49, 840, 150.00, 43, 66
2026/10/02 09:03:58.824, 98.75, 1515, 150.00, 33, 68
2026/10/02 09:03:59.025, 98.62, 1680, 150.00, 0, 67
2026/10/02 09:03:59.225, 119.06, 795, 150.00, 100, 68
2026/10/02 09:03:59.426, 116.21, 1680, 150.00, 0, 67
2026/10/02 09:03:59.626, 116.50, 1680, 150.00, 0, 67
2026/10/02 09:03:59.827, 91.24, 945, 150.00, 61, 66
2026/10/02 09:04:00.028, 92.08, 1680, 150.00, 0, 66
2026/10/02 09:04:00.228, 78.96, 1695, 150.00, 0, 66
2026/10/02 09:04:00.429, 84.24, 1590, 150.00, 17, 68
2026/10/02 09:04:00.629, 83.61, 1665, 150.00, 0, 67
2026/10/02 09:04:00.830, 83.64, 1680, 150.00, 0, 66
2026/10/02 09:04:01.030, 84.03, 1695, 150.00, 0, 66
2026/10/02 09:04:01.231, 99.07, 765, 150.00, 100, 67
2026/10/02 09:04:01.431, 107.48, 1425, 150.00, 49, 67
2026/10/02 09:04:01.632, 122.82, 765, 150.00, 100, 68
2026/10/02 09:04:01.833, 129.30, 1230, 150.00, 100, 69
2026/10/02 09:04:02.034, 135.60, 1635, 150.00, 62, 68
2026/10/02 09:04:02.234, 120.58, 1680, 150.00, 0, 67
2026/10/02 09:04:02.435, 113.69, 1695, 150.00, 0, 66
2026/10/02 09:04:02.635, 94.85, 645, 150.00, 0, 66
2026/10/02 09:04:02.836, 79.49, 1680, 150.00, 0, 66
2026/10/02 09:04:03.036, 78.28, 915, 150.00, 0, 66
2026/10/02 09:04:03.237, 77.48, 1680, 150.00, 60, 67
2026/10/02 09:04:03.437, 83.69, 750, 150.00, 56, 67
2026/10/02 09:04:03.638, 90.30, 1545, 150.00, 100, 69
2026/10/02 09:04:03.839, 88.62, 1680, 150.00, 0, 67
2026/10/02 09:04:04.039, 96.35, 750, 150.00, 62, 67
2026/10/02 09:04:04.240, 107.93, 780, 150.00, 100, 69
2026/10/02 09:04:04.440, 114.61, 1650, 150.00, 95, 68
2026/10/02 09:04:04.641, 100.48, 1680, 150.00, 0, 67
2026/10/02 09:04:04.841, 126.36, 1485, 150.00, 25, 68
2026/10/02 09:04:05.042, 124.12, 1680, 150.00, 42, 67
2026/10/02 09:04:05.243, 109.37, 960, 150.00, 0, 66
2026/10/02 09:04:05.443, 94.53, 1665, 150.00, 67, 67
2026/10/02 09:04:05.644, 93.65, 1215, 150.00, 1, 68
2026/10/02 09:04:05.844, 79.69, 1680, 150.00, 0, 67
2026/10/02 09:04:06.045, 84.17, 1080, 150.00, 62, 67
2026/10/02 09:04:06.245, 90.00, 1680, 150.00, 24, 67
2026/10/02 09:04:06.446, 94.78, 645, 150.00, 51, 67
2026/10/02 09:04:06.646, 103.88, 1605, 150.00, 52, 68
2026/10/02 09:04:06.847, 105.17, 1680, 150.00, 0, 67
2026/10/02 09:04:07.047, 103.22, 1695, 150.00, 0, 66
2026/10/02 09:04:07.248, 111.15, 690, 150.00, 51, 67
2026/10/02 09:04:07.448, 122.97, 780, 150.00, 27, 68
2026/10/02 09:04:07.649, 119.47, 780, 150.00, 100, 69
2026/10/02 09:04:07.850, 119.84, 1680, 150.00, 0, 67
2026/10/02 09:04:08.050, 119.89, 1680, 150.00, 0, 66
2026/10/02 09:04:08.251, 112.83, 1650, 150.00, 62, 67
2026/10/02 09:04:08.451, 100.73, 1635, 150.00, 60, 67
2026/10/02 09:04:08.652, 86.40, 1680, 150.00, 0, 66
2026/10/02 09:04:08.852, 82.89, 1695, 150.00, 0, 66
2026/10/02 09:04:09.053, 90.97, 615, 150.00, 0, 66
2026/10/02 09:04:09.253, 106.67, 795, 150.00, 31, 68
2026/10/02 09:04:09.454, 108.04, 1620, 150.00, 71, 68
2026/10/02 09:04:09.654, 113.96, 1680, 150.00, 0, 66
2026/10/02 09:04:09.855, 128.49, 780, 150.00, 98, 68
2026/10/02 09:04:10.056, 137.71, 600, 150.00, 18, 67
2026/10/02 09:04:10.256, 116.01, 1680, 150.00, 10, 67
2026/10/02 09:04:10.457, 102.43, 645, 150.00, 0, 66
2026/10/02 09:04:10.657, 102.66, 1680, 150.00, 0, 66
2026/10/02 09:04:10.858, 98.24, 1650, 150.00, 58, 67
2026/10/02 09:04:11.058, 91.48, 1680, 150.00, 0, 66
2026/10/02 09:04:11.259, 82.18, 1695, 150.00, 0, 66
2026/10/02 09:04:11.459, 82.18, 1695, 150.00, 0, 66
2026/10/02 09:04:11.660, 80.30, 1695, 150.00, 0, 66
2026/10/02 09:04:11.861, 80.33, 1695, 150.00, 0, 66
2026/10/02 09:04:12.061, 86.27, 1425, 150.00, 0, 66
2026/10/02 09:04:12.262, 86.08, 1680, 150.00, 0, 66
2026/10/02 09:04:12.462, 85.97, 1695, 150.00, 0, 65
2026/10/02 09:04:12.663, 85.91, 1695, 150.00, 0, 65
2026/10/02 09:04:12.863, 110.23, 720, 150.00, 50, 67
2026/10/02 09:04:13.064, 102.24, 1635, 150.00, 100, 66
2026/10/02 09:04:13.264, 102.68, 1680, 150.00, 0, 66
2026/10/02 09:04:13.465, 106.98, 1365, 150.00, 0, 67
2026/10/02 09:04:13.666, 114.93, 765, 150.00, 54, 67
2026/10/02 09:04:13.866, 103.22, 1680, 150.00, 0, 66
2026/10/02 09:04:14.067, 82.84, 1695, 150.00, 0, 65
2026/10/02 09:04:14.267, 83.47, 1695, 150.00, 0, 65
2026/10/02 09:04:14.468, 95.85, 1635, 150.00, 40, 66
2026/10/02 09:04:14.668, 101.28, 1665, 150.00, 56, 66
2026/10/02 09:04:14.869, 92.48, 1680, 150.00, 0, 65
2026/10/02 09:04:15.069, 92.42, 1695, 150.00, 0, 65
2026/10/02 09:04:15.270, 105.29, 810, 150.00, 9, 67
2026/10/02 09:04:15.470, 91.02, 1680, 150.00, 36, 66
2026/10/02 09:04:15.671, 82.96, 1680, 150.00, 0, 65
2026/10/02 09:04:15.871, 91.95, 1185, 150.00, 0, 66
2026/10/02 09:04:16.071, 90.57, 1680, 150.00, 49, 66
2026/10/02 09:04:16.272, 84.22, 1680, 150.00, 61, 65
2026/10/02 09:04:16.472, 80.43, 1170, 150.00, 0, 66
2026/10/02 09:04:16.673, 80.11, 1680, 150.00, 0, 65
2026/10/02 09:04:16.873, 80.10, 1695, 150.00, 0, 65
2026/10/02 09:04:17.074, 72.85, 1695, 150.00, 0, 65
2026/10/02 09:04:17.274, 73.00, 1695, 150.00, 0, 65
2026/10/02 09:04:17.475, 73.23, 1695, 150.00, 0, 65
2026/10/02 09:04:17.675, 73.23, 1695, 150.00, 0, 65
2026/10/02 09:04:17.876, 84.87, 675, 150.00, 0, 66
2026/10/02 09:04:18.076, 92.33, 1545, 150.00, 26, 65
2026/10/02 09:04:18.277, 105.11, 1590, 150.00, 25, 66
2026/10/02 09:04:18.478, 110.22, 1560, 150.00, 98, 66
2026/10/02 09:04:18.678, 104.17, 1680, 150.00, 0, 65
2026/10/02 09:04:18.879, 102.98, 1695, 150.00, 0, 65
2026/10/02 09:04:19.079, 97.31, 990, 150.00, 6, 66
2026/10/02 09:04:19.280, 83.30, 1680, 150.00, 52, 65
2026/10/02 09:04:19.480, 78.11, 1680, 150.00, 0, 65
2026/10/02 09:04:19.681, 90.70, 630, 150.00, 0, 66
2026/10/02 09:04:19.881, 105.59, 780, 150.00, 100, 67
2026/10/02 09:04:20.082, 117.68, 780, 150.00, 100, 67
2026/10/02 09:04:20.282, 119.37, 1440, 150.00, 100, 67
2026/10/02 09:04:20.483, 137.05, 810, 150.00, 16, 67
2026/10/02 09:04:20.684, 147.22, 1215, 150.00, 100, 67
2026/10/02 09:04:20.884, 128.40, 1680, 150.00, 0, 66
2026/10/02 09:04:21.085, 114.14, 1680, 150.00, 59, 66
2026/10/02 09:04:21.285, 99.22, 1680, 150.00, 0, 66
2026/10/02 09:04:21.486, 94.77, 1530, 150.00, 92, 66
2026/10/02 09:04:21.686, 80.03, 1320, 150.00, 0, 66
2026/10/02 09:04:21.887, 77.43, 1680, 150.00, 0, 65
2026/10/02 09:04:22.088, 77.59, 1665, 150.00, 60, 66
2026/10/02 09:04:22.288, 77.80, 1680, 150.00, 0, 65
2026/10/02 09:04:22.489, 71.27, 1695, 150.00, 0, 66
2026/10/02 09:04:22.689, 85.83, 795, 150.00, 74, 67
2026/10/02 09:04:22.890, 96.98, 1125, 150.00, 100, 67
2026/10/02 09:04:23.091, 95.21, 1680, 150.00, 0, 66
2026/10/02 09:04:23.291, 110.71, 795, 150.00, 12, 67
2026/10/02 09:04:23.492, 117.56, 1650, 150.00, 100, 66
2026/10/02 09:04:23.692, 111.57, 1680, 150.00, 0, 65
2026/10/02 09:04:23.893, 96.89, 1695, 150.00, 0, 65
2026/10/02 09:04:24.093, 107.43, 780, 150.00, 94, 67
2026/10/02 09:04:24.294, 119.17, 885, 150.00, 100, 68
2026/10/02 09:04:24.494, 103.79, 1680, 150.00, 37, 66
2026/10/02 09:04:24.695, 103.72, 1380, 150.00, 0, 66
2026/10/02 09:04:24.895, 103.99, 1290, 150.00, 0, 66
2026/10/02 09:04:25.096, 97.47, 1680, 150.00, 0, 65
2026/10/02 09:04:25.297, 81.18, 1680, 150.00, 61, 66
2026/10/02 09:04:25.497, 69.67, 1680, 150.00, 0, 65
2026/10/02 09:04:25.698, 76.41, 1530, 150.00, 11, 66
2026/10/02 09:04:25.898, 88.79, 1245, 150.00, 57, 66
2026/10/02 09:04:26.099, 88.38, 1680, 150.00, 0, 66
2026/10/02 09:04:26.299, 97.24, 720, 150.00, 61, 67
2026/10/02 09:04:26.500, 114.03, 795, 150.00, 56, 67
2026/10/02 09:04:26.700, 121.01, 780, 150.00, 100, 68
2026/10/02 09:04:26.901, 127.95, 780, 150.00, 100, 68
2026/10/02 09:04:27.101, 124.94, 1680, 150.00, 65, 66
2026/10/02 09:04:27.302, 126.49, 1680, 150.00, 58, 66
2026/10/02 09:04:27.503, 108.92, 1680, 150.00, 0, 66
2026/10/02 09:04:27.703, 92.95, 1485, 150.00, 1, 66
2026/10/02 09:04:27.904, 77.73, 1680, 150.00, 0, 65
2026/10/02 09:04:28.104, 71.15, 1695, 150.00, 0, 65
2026/10/02 09:04:28.305, 70.14, 1695, 150.00, 0, 65
2026/10/02 09:04:28.505, 81.40, 660, 150.00, 0, 66
2026/10/02 09:04:28.706, 88.52, 1350, 150.00, 80, 66
2026/10/02 09:04:28.906, 101.97, 1620, 150.00, 38, 66
2026/10/02 09:04:29.107, 101.89, 1680, 150.00, 0, 65
2026/10/02 09:04:29.308, 101.83, 1695, 150.00, 0, 65
2026/10/02 09:04:29.508, 101.41, 1680, 150.00, 60, 65
2026/10/02 09:04:29.709, 83.19, 1680, 150.00, 0, 65
2026/10/02 09:04:29.909, 70.09, 1695, 150.00, 0, 65
2026/10/02 09:04:30.110, 70.97, 1695, 150.00, 0, 65
2026/10/02 09:04:30.310, 80.11, 765, 150.00, 61, 67
2026/10/02 09:04:30.511, 82.36, 1080, 150.00, 59, 67
2026/10/02 09:04:30.712, 82.26, 1680, 150.00, 0, 65
2026/10/02 09:04:30.912, 82.25, 1695, 150.00, 0, 65
2026/10/02 09:04:31.113, 82.23, 1695, 150.00, 0, 65
2026/10/02 09:04:31.313, 81.64, 1170, 150.00, 0, 65
2026/10/02 09:04:31.514, 75.37, 1680, 150.00, 0, 65
2026/10/02 09:04:31.714, 83.45, 1635, 150.00, 47, 65
2026/10/02 09:04:31.915, 83.42, 1680, 150.00, 0, 65
2026/10/02 09:04:32.115, 86.99, 1095, 150.00, 60, 67
2026/10/02 09:04:32.316, 85.70, 1680, 150.00, 55, 65
2026/10/02 09:04:32.517, 84.37, 1680, 150.00, 0, 65
2026/10/02 09:04:32.717, 71.51, 1680, 150.00, 59, 66
2026/10/02 09:04:32.918, 71.78, 1680, 150.00, 61, 65
2026/10/02 09:04:33.118, 72.22, 1680, 150.00, 0, 65
2026/10/02 09:04:33.319, 81.78, 1635, 150.00, 40, 65
2026/10/02 09:04:33.520, 81.86, 1680, 150.00, 0, 65
2026/10/02 09:04:33.720, 93.73, 1635, 150.00, 47, 65
2026/10/02 09:04:33.921, 100.26, 735, 150.00, 0, 66
2026/10/02 09:04:34.121, 99.78, 1680, 150.00, 69, 65
2026/10/02 09:04:34.322, 86.59, 1680, 150.00, 0, 65
2026/10/02 09:04:34.522, 100.86, 660, 150.00, 0, 66
2026/10/02 09:04:34.723, 91.46, 1110, 150.00, 25, 66
2026/10/02 09:04:34.923, 106.43, 690, 150.00, 62, 67
2026/10/02 09:04:35.124, 100.37, 1440, 150.00, 80, 66
2026/10/02 09:04:35.324, 106.71, 795, 150.00, 0, 67
2026/10/02 09:04:35.525, 105.54, 1680, 150.00, 49, 65
2026/10/02 09:04:35.725, 92.95, 1680, 150.00, 0, 65
2026/10/02 09:04:35.926, 83.92, 1695, 150.00, 0, 65
2026/10/02 09:04:36.126, 75.30, 1695, 150.00, 0, 64
2026/10/02 09:04:36.327, 75.74, 1680, 150.00, 50, 65
2026/10/02 09:04:36.528, 82.88, 630, 150.00, 57, 66
2026/10/02 09:04:36.728, 89.81, 1410, 150.00, 100, 66
2026/10/02 09:04:36.929, 101.07, 615, 150.00, 0, 66
2026/10/02 09:04:37.129, 116.66, 765, 150.00, 82, 67
2026/10/02 09:04:37.330, 116.51, 1680, 150.00, 1, 65
2026/10/02 09:04:37.530, 113.52, 1680, 150.00, 60, 65
2026/10/02 09:04:37.731, 97.36, 1680, 150.00, 0, 65
2026/10/02 09:04:37.931, 110.70, 1620, 150.00, 33, 65
2026/10/02 09:04:38.132, 91.40, 1680, 150.00, 0, 65
2026/10/02 09:04:38.332, 83.81, 1695, 150.00, 0, 64
2026/10/02 09:04:38.533, 103.81, 930, 150.00, 42, 66
2026/10/02 09:04:38.734, 128.66, 645, 150.00, 34, 67
2026/10/02 09:04:38.934, 114.06, 1680, 150.00, 28, 65
2026/10/02 09:04:39.135, 114.99, 1680, 150.00, 0, 65
2026/10/02 09:04:39.335, 121.71, 960, 150.00, 0, 65
2026/10/02 09:04:39.536, 108.17, 1680, 150.00, 0, 65
2026/10/02 09:04:39.736, 87.34, 1695, 150.00, 0, 64
2026/10/02 09:04:39.937, 76.67, 1695, 150.00, 0, 64
2026/10/02 09:04:40.137, 83.11, 660, 150.00, 74, 65
2026/10/02 09:04:40.338, 102.57, 810, 150.00, 100, 66
2026/10/02 09:04:40.539, 101.14, 1440, 150.00, 59, 65
2026/10/02 09:04:40.740, 113.68, 1635, 150.00, 15, 65
2026/10/02 09:04:40.940, 126.14, 1635, 150.00, 14, 65
2026/10/02 09:04:41.141, 119.67, 1680, 150.00, 0, 65
2026/10/02 09:04:41.341, 100.84, 1695, 150.00, 0, 64
2026/10/02 09:04:41.542, 103.28, 735, 150.00, 59, 66
2026/10/02 09:04:41.742, 90.60, 1680, 150.00, 0, 64
2026/10/02 09:04:41.943, 78.11, 1695, 150.00, 0, 64
2026/10/02 09:04:42.144, 78.78, 1695, 150.00, 0, 64
2026/10/02 09:04:42.344, 78.02, 1425, 150.00, 59, 65
2026/10/02 09:04:42.545, 76.76, 1470, 150.00, 58, 65
2026/10/02 09:04:42.745, 68.24, 1680, 150.00, 0, 64
2026/10/02 09:04:42.946, 82.19, 630, 150.00, 30, 66
2026/10/02 09:04:43.147, 88.97, 1650, 150.00, 14, 65
2026/10/02 09:04:43.347, 90.07, 1665, 150.00, 0, 65
2026/10/02 09:04:43.548, 90.99, 1680, 150.00, 0, 64
2026/10/02 09:04:43.748, 92.08, 1695, 150.00, 0, 64
2026/10/02 09:04:43.949, 92.10, 1695, 150.00, 0, 64
2026/10/02 09:04:44.149, 86.35, 780, 150.00, 100, 66
2026/10/02 09:04:44.350, 84.46, 1680, 150.00, 0, 64
2026/10/02 09:04:44.551, 84.69, 1680, 150.00, 0, 64
2026/10/02 09:04:44.751, 84.50, 1335, 150.00, 61, 65
2026/10/02 09:04:44.952, 84.30, 1680, 150.00, 0, 64
2026/10/02 09:04:45.152, 76.50, 1695, 150.00, 0, 64
2026/10/02 09:04:45.353, 89.47, 735, 150.00, 80, 66
2026/10/02 09:04:45.553, 104.71, 780, 150.00, 100, 66
2026/10/02 09:04:45.754, 104.21, 1680, 150.00, 0, 65
2026/10/02 09:04:45.954, 104.56, 1680, 150.00, 0, 64
2026/10/02 09:04:46.155, 125.99, 795, 150.00, 100, 66
2026/10/02 09:04:46.355, 120.54, 1665, 150.00, 0, 65
2026/10/02 09:04:46.556, 102.02, 1680, 150.00, 0, 65
2026/10/02 09:04:46.756, 94.74, 1680, 150.00, 0, 64
2026/10/02 09:04:46.957, 110.15, 1080, 150.00, 92, 66
2026/10/02 09:04:47.158, 104.22, 1665, 150.00, 0, 65
2026/10/02 09:04:47.358, 102.61, 1650, 150.00, 12, 65
2026/10/02 09:04:47.559, 123.86, 705, 150.00, 73, 66
2026/10/02 09:04:47.759, 127.58, 1665, 150.00, 0, 65
2026/10/02 09:04:47.960, 125.22, 1665, 150.00, 0, 65
2026/10/02 09:04:48.160, 111.94, 1680, 150.00, 0, 64
2026/10/02 09:04:48.361, 114.63, 585, 150.00, 39, 66
2026/10/02 09:04:48.561, 105.74, 1095, 150.00, 60, 65
2026/10/02 09:04:48.762, 106.29, 1635, 150.00, 16, 65
2026/10/02 09:04:48.962, 97.36, 1680, 150.00, 0, 65
2026/10/02 09:04:49.163, 110.55, 1620, 150.00, 22, 65
2026/10/02 09:04:49.363, 110.43, 1680, 150.00, 0, 64
2026/10/02 09:04:49.564, 107.63, 1650, 150.00, 9, 64
2026/10/02 09:04:49.765, 91.24, 1680, 150.00, 0, 64
2026/10/02 09:04:49.965, 92.61, 1695, 150.00, 0, 64
2026/10/02 09:04:50.166, 79.17, 1695, 150.00, 0, 64
2026/10/02 09:04:50.366, 102.02, 1035, 150.00, 22, 65
2026/10/02 09:04:50.567, 94.03, 1425, 150.00, 7, 65
2026/10/02 09:04:50.767, 92.72, 1410, 150.00, 63, 65
2026/10/02 09:04:50.968, 92.59, 1680, 150.00, 0, 64
2026/10/02 09:04:51.168, 104.90, 855, 150.00, 90, 66
2026/10/02 09:04:51.369, 100.54, 1605, 150.00, 34, 65
2026/10/02 09:04:51.569, 111.77, 720, 150.00, 66, 66
2026/10/02 09:04:51.770, 124.32, 795, 150.00, 100, 66
2026/10/02 09:04:51.970, 132.02, 900, 150.00, 60, 65
2026/10/02 09:04:52.171, 133.78, 705, 150.00, 69, 66
2026/10/02 09:04:52.372, 119.33, 1680, 150.00, 0, 65
2026/10/02 09:04:52.572, 127.62, 795, 150.00, 100, 66
2026/10/02 09:04:52.773, 116.88, 1605, 150.00, 55, 66
2026/10/02 09:04:52.973, 117.33, 795, 150.00, 82, 66
2026/10/02 09:04:53.174, 124.88, 795, 150.00, 100, 67
2026/10/02 09:04:53.374, 132.39, 780, 150.00, 100, 67
2026/10/02 09:04:53.575, 128.24, 1215, 150.00, 60, 66
2026/10/02 09:04:53.776, 130.39, 750, 150.00, 88, 67
2026/10/02 09:04:53.976, 146.43, 780, 150.00, 97, 67
2026/10/02 09:04:54.177, 148.06, 795, 150.00, 100, 67
2026/10/02 09:04:54.377, 148.13, 780, 150.00, 100, 67
2026/10/02 09:04:54.578, 155.07, 675, 150.00, 100, 67
2026/10/02 09:04:54.778, 152.02, 765, 150.00, 100, 67
2026/10/02 09:04:54.979, 150.87, 765, 150.00, 100, 67
2026/10/02 09:04:55.180, 150.96, 780, 150.00, 100, 68
2026/10/02 09:04:55.380, 142.90, 1680, 150.00, 7, 66
2026/10/02 09:04:55.581, 141.95, 630, 150.00, 30, 67
2026/10/02 09:04:55.781, 129.07, 705, 150.00, 66, 66
2026/10/02 09:04:55.982, 129.29, 945, 150.00, 100, 67
2026/10/02 09:04:56.182, 113.56, 1680, 150.00, 0, 65
2026/10/02 09:04:56.383, 98.94, 1500, 150.00, 60, 66
2026/10/02 09:04:56.583, 119.44, 900, 150.00, 100, 67
2026/10/02 09:04:56.784, 123.09, 1350, 150.00, 96, 67
2026/10/02 09:04:56.985, 131.38, 1365, 150.00, 90, 67
2026/10/02 09:04:57.185, 124.12, 1680, 150.00, 0, 65
2026/10/02 09:04:57.385, 124.14, 1695, 150.00, 0, 65
2026/10/02 09:04:57.586, 120.43, 720, 150.00, 55, 66
2026/10/02 09:04:57.786, 119.19, 780, 150.00, 100, 67
2026/10/02 09:04:57.987, 101.37, 1590, 150.00, 56, 66
2026/10/02 09:04:58.187, 95.50, 1485, 150.00, 57, 66
2026/10/02 09:04:58.388, 116.20, 1020, 150.00, 100, 67
2026/10/02 09:04:58.589, 114.53, 1560, 150.00, 60, 66
2026/10/02 09:04:58.789, 103.97, 795, 150.00, 79, 67
2026/10/02 09:04:58.990, 110.70, 795, 150.00, 100, 67
2026/10/02 09:04:59.190, 131.10, 765, 150.00, 75, 68
2026/10/02 09:04:59.391, 130.19, 735, 150.00, 80, 67
2026/10/02 09:04:59.591, 122.06, 1530, 150.00, 63, 67
2026/10/02 09:04:59.792, 141.08, 765, 150.00, 87, 68
2026/10/02 09:04:59.992, 142.17, 780, 150.00, 100, 68
2026/10/02 09:05:00.193, 129.79, 1050, 150.00, 51, 67
2026/10/02 09:05:00.394, 124.00, 600, 150.00, 15, 67
2026/10/02 09:05:00.594, 118.50, 1680, 150.00, 0, 66
2026/10/02 09:05:00.795, 125.97, 795, 150.00, 100, 67
2026/10/02 09:05:00.995, 111.44, 1395, 150.00, 62, 66
2026/10/02 09:05:01.195, 118.33, 660, 150.00, 27, 67
2026/10/02 09:05:01.396, 127.03, 945, 150.00, 22, 67
2026/10/02 09:05:01.597, 131.80, 780, 150.00, 100, 68
2026/10/02 09:05:01.797, 129.98, 1680, 150.00, 0, 66
2026/10/02 09:05:01.998, 130.59, 720, 150.00, 70, 67
2026/10/02 09:05:02.198, 137.11, 720, 150.00, 78, 68
2026/10/02 09:05:02.399, 115.46, 1680, 150.00, 0, 66
2026/10/02 09:05:02.599, 109.41, 810, 150.00, 62, 67
2026/10/02 09:05:02.800, 100.29, 1620, 150.00, 48, 66
2026/10/02 09:05:03.001, 100.62, 1680, 150.00, 0, 66
2026/10/02 09:05:03.201, 86.74, 1080, 150.00, 0, 66
2026/10/02 09:05:03.402, 90.97, 780, 150.00, 100, 67
2026/10/02 09:05:03.602, 90.23, 1680, 150.00, 0, 66
2026/10/02 09:05:03.803, 83.26, 1695, 150.00, 0, 65
2026/10/02 09:05:04.003, 90.78, 795, 150.00, 88, 67
2026/10/02 09:05:04.204, 95.34, 1605, 150.00, 53, 66
2026/10/02 09:05:04.405, 90.96, 1425, 150.00, 61, 66
2026/10/02 09:05:04.605, 93.85, 1170, 150.00, 56, 66
2026/10/02 09:05:04.805, 108.45, 780, 150.00, 100, 67
2026/10/02 09:05:05.006, 123.59, 780, 150.00, 100, 68
2026/10/02 09:05:05.207, 129.15, 615, 150.00, 23, 68
2026/10/02 09:05:05.407, 138.52, 1665, 150.00, 23, 66
2026/10/02 09:05:05.608, 147.48, 1035, 150.00, 13, 67
2026/10/02 09:05:05.808, 140.76, 1005, 150.00, 47, 67
2026/10/02 09:05:06.009, 125.09, 1680, 150.00, 0, 66
2026/10/02 09:05:06.209, 112.59, 1695, 150.00, 0, 65
2026/10/02 09:05:06.410, 103.62, 1665, 150.00, 20, 66
2026/10/02 09:05:06.611, 105.61, 1635, 150.00, 38, 66
2026/10/02 09:05:06.811, 116.83, 1665, 150.00, 10, 66
2026/10/02 09:05:07.012, 124.84, 795, 150.00, 100, 67
2026/10/02 09:05:07.212, 139.85, 780, 150.00, 100, 68
2026/10/02 09:05:07.413, 141.47, 780, 150.00, 100, 68
2026/10/02 09:05:07.613, 143.30, 780, 150.00, 100, 68
2026/10/02 09:05:07.814, 146.73, 720, 150.00, 100, 68
2026/10/02 09:05:08.014, 150.22, 765, 150.00, 100, 68
2026/10/02 09:05:08.215, 150.19, 765, 150.00, 100, 68
2026/10/02 09:05:08.416, 150.26, 780, 150.00, 100, 68
2026/10/02 09:05:08.616, 149.42, 645, 150.00, 100, 68
2026/10/02 09:05:08.817, 149.85, 720, 150.00, 100, 68
2026/10/02 09:05:09.017, 149.92, 750, 150.00, 100, 68
2026/10/02 09:05:09.218, 150.09, 765, 150.00, 100, 69
2026/10/02 09:05:09.418, 150.10, 780, 150.00, 100, 69
2026/10/02 09:05:09.619, 148.92, 705, 150.00, 100, 69
2026/10/02 09:05:09.819, 149.65, 720, 150.00, 100, 69
2026/10/02 09:05:10.020, 150.16, 750, 150.00, 100, 69
2026/10/02 09:05:10.221, 150.21, 780, 150.00, 100, 69
2026/10/02 09:05:10.421, 150.08, 735, 150.00, 100, 69
2026/10/02 09:05:10.622, 149.48, 705, 150.00, 100, 69
2026/10/02 09:05:10.822, 149.76, 720, 150.00, 100, 69
2026/10/02 09:05:11.023, 142.18, 1665, 150.00, 24, 67
2026/10/02 09:05:11.223, 134.04, 780, 150.00, 84, 68
2026/10/02 09:05:11.424, 134.81, 780, 150.00, 96, 69
2026/10/02 09:05:11.624, 119.64, 1680, 150.00, 0, 67
2026/10/02 09:05:11.825, 117.15, 1005, 150.00, 52, 68
2026/10/02 09:05:12.025, 117.99, 765, 150.00, 98, 69
2026/10/02 09:05:12.226, 130.16, 825, 150.00, 43, 69
2026/10/02 09:05:12.427, 131.37, 765, 150.00, 100, 69
2026/10/02 09:05:12.627, 130.56, 1485, 150.00, 48, 68
2026/10/02 09:05:12.828, 136.71, 780, 150.00, 93, 69
2026/10/02 09:05:13.028, 128.29, 1620, 150.00, 46, 68
2026/10/02 09:05:13.229, 121.90, 1680, 150.00, 0, 67
2026/10/02 09:05:13.429, 115.62, 600, 150.00, 25, 68
2026/10/02 09:05:13.630, 107.30, 1665, 150.00, 23, 67
2026/10/02 09:05:13.830, 120.05, 1665, 150.00, 20, 67
2026/10/02 09:05:14.031, 111.50, 1215, 150.00, 62, 67
2026/10/02 09:05:14.231, 122.97, 975, 150.00, 51, 68
2026/10/02 09:05:14.432, 135.35, 615, 150.00, 37, 68
2026/10/02 09:05:14.632, 114.29, 1455, 150.00, 61, 67
2026/10/02 09:05:14.833, 114.11, 585, 150.00, 20, 68
2026/10/02 09:05:15.033, 113.66, 1680, 150.00, 0, 66
2026/10/02 09:05:15.234, 122.37, 720, 150.00, 76, 68
2026/10/02 09:05:15.434, 110.99, 1680, 150.00, 0, 66
2026/10/02 09:05:15.635, 105.46, 1530, 150.00, 73, 67
2026/10/02 09:05:15.836, 121.12, 780, 150.00, 100, 68
2026/10/02 09:05:16.036, 124.87, 780, 150.00, 100, 69
2026/10/02 09:05:16.237, 132.54, 765, 150.00, 100, 69
2026/10/02 09:05:16.437, 138.93, 765, 150.00, 100, 69
2026/10/02 09:05:16.638, 144.62, 690, 150.00, 100, 69
2026/10/02 09:05:16.838, 155.61, 780, 150.00, 87, 69
2026/10/02 09:05:17.039, 155.47, 765, 150.00, 100, 69
2026/10/02 09:05:17.239, 159.21, 690, 150.00, 71, 69
2026/10/02 09:05:17.440, 159.68, 765, 150.00, 100, 69
2026/10/02 09:05:17.640, 161.11, 690, 150.00, 100, 69
2026/10/02 09:05:17.841, 156.93, 750, 150.00, 100, 69
2026/10/02 09:05:18.041, 148.59, 1680, 150.00, 6, 68
2026/10/02 09:05:18.242, 133.69, 1680, 150.00, 0, 67
2026/10/02 09:05:18.442, 131.06, 1350, 150.00, 82, 68
2026/10/02 09:05:18.643, 140.51, 705, 150.00, 72, 69
2026/10/02 09:05:18.844, 140.98, 765, 150.00, 80, 69
2026/10/02 09:05:19.044, 128.44, 1680, 150.00, 0, 68
2026/10/02 09:05:19.245, 148.83, 705, 150.00, 58, 69
2026/10/02 09:05:19.446, 147.91, 765, 150.00, 100, 69
2026/10/02 09:05:19.647, 138.53, 765, 150.00, 100, 69
2026/10/02 09:05:19.847, 131.05, 1680, 150.00, 100, 68
2026/10/02 09:05:20.048, 137.96, 1005, 150.00, 15, 68
2026/10/02 09:05:20.248, 127.91, 1680, 150.00, 63, 67
2026/10/02 09:05:20.449, 127.46, 780, 150.00, 52, 69
2026/10/02 09:05:20.650, 119.04, 1605, 150.00, 100, 68
2026/10/02 09:05:20.850, 110.37, 780, 150.00, 0, 69
2026/10/02 09:05:21.051, 114.65, 735, 150.00, 80, 69
2026/10/02 09:05:21.251, 129.10, 615, 150.00, 38, 69
2026/10/02 09:05:21.452, 122.88, 1335, 150.00, 32, 68
2026/10/02 09:05:21.653, 121.93, 795, 150.00, 10, 69
2026/10/02 09:05:21.853, 129.87, 1665, 150.00, 100, 68
2026/10/02 09:05:22.054, 118.01, 1050, 150.00, 0, 68
2026/10/02 09:05:22.254, 114.13, 825, 150.00, 60, 67
2026/10/02 09:05:22.455, 115.77, 765, 150.00, 100, 69
2026/10/02 09:05:22.656, 118.01, 780, 150.00, 100, 69
2026/10/02 09:05:22.856, 118.84, 765, 150.00, 100, 70
2026/10/02 09:05:23.057, 126.61, 1680, 150.00, 100, 68
2026/10/02 09:05:23.257, 126.83, 1530, 150.00, 0, 68
2026/10/02 09:05:23.458, 125.37, 1035, 150.00, 0, 69
2026/10/02 09:05:23.658, 109.99, 1680, 150.00, 10, 67
2026/10/02 09:05:23.859, 109.12, 615, 150.00, 0, 68
2026/10/02 09:05:24.060, 100.92, 1005, 150.00, 100, 68
2026/10/02 09:05:24.260, 100.00, 1680, 150.00, 54, 67
2026/10/02 09:05:24.461, 100.86, 1680, 150.00, 0, 67
2026/10/02 09:05:24.661, 102.95, 585, 150.00, 0, 67
2026/10/02 09:05:24.862, 115.03, 795, 150.00, 57, 69
2026/10/02 09:05:25.062, 108.56, 1215, 150.00, 100, 68
2026/10/02 09:05:25.263, 112.00, 1425, 150.00, 5, 68
2026/10/02 09:05:25.463, 129.59, 1035, 150.00, 56, 69
2026/10/02 09:05:25.664, 140.94, 1035, 150.00, 44, 68
2026/10/02 09:05:25.865, 123.71, 1680, 150.00, 63, 67
2026/10/02 09:05:26.065, 123.59, 780, 150.00, 72, 69
2026/10/02 09:05:26.266, 123.15, 1650, 150.00, 100, 68
2026/10/02 09:05:26.466, 129.02, 645, 150.00, 62, 69
2026/10/02 09:05:26.667, 122.82, 780, 150.00, 100, 69
2026/10/02 09:05:26.868, 138.05, 600, 150.00, 79, 69
2026/10/02 09:05:27.068, 145.92, 765, 150.00, 100, 69
2026/10/02 09:05:27.269, 138.76, 780, 150.00, 80, 69
2026/10/02 09:05:27.469, 151.81, 765, 150.00, 100, 70
2026/10/02 09:05:27.670, 153.68, 615, 150.00, 61, 69
2026/10/02 09:05:27.870, 151.78, 1650, 150.00, 100, 68
2026/10/02 09:05:28.071, 132.10, 1680, 150.00, 0, 67
2026/10/02 09:05:28.271, 123.84, 1695, 150.00, 0, 67
2026/10/02 09:05:28.472, 116.96, 750, 150.00, 1, 69
2026/10/02 09:05:28.672, 111.93, 780, 150.00, 100, 69
2026/10/02 09:05:28.873, 109.06, 780, 150.00, 100, 69
2026/10/02 09:05:29.073, 124.60, 780, 150.00, 100, 70
2026/10/02 09:05:29.274, 136.64, 750, 150.00, 100, 69
2026/10/02 09:05:29.474, 150.19, 750, 150.00, 100, 70
2026/10/02 09:05:29.675, 150.26, 780, 150.00, 100, 70
2026/10/02 09:05:29.876, 150.08, 765, 150.00, 100, 70
2026/10/02 09:05:30.076, 149.77, 675, 150.00, 100, 70
2026/10/02 09:05:30.277, 147.73, 705, 150.00, 100, 70
2026/10/02 09:05:30.477, 149.97, 750, 150.00, 100, 70
2026/10/02 09:05:30.678, 150.16, 765, 150.00, 100, 70
2026/10/02 09:05:30.879, 142.34, 1665, 150.00, 100, 68
2026/10/02 09:05:31.079, 135.41, 735, 150.00, 0, 69
2026/10/02 09:05:31.280, 128.55, 915, 150.00, 100, 69
2026/10/02 09:05:31.480, 114.40, 1680, 150.00, 63, 68
2026/10/02 09:05:31.681, 108.28, 735, 150.00, 0, 69
2026/10/02 09:05:31.882, 100.22, 735, 150.00, 78, 69
2026/10/02 09:05:32.082, 112.69, 645, 150.00, 59, 70
2026/10/02 09:05:32.283, 112.41, 780, 150.00, 100, 70
2026/10/02 09:05:32.483, 128.87, 765, 150.00, 100, 70
2026/10/02 09:05:32.684, 143.54, 765, 150.00, 100, 70
2026/10/02 09:05:32.884, 134.64, 1680, 150.00, 73, 68
2026/10/02 09:05:33.085, 129.90, 1680, 150.00, 0, 68
2026/10/02 09:05:33.285, 109.45, 1695, 150.00, 0, 67
2026/10/02 09:05:33.486, 107.31, 1665, 150.00, 33, 68
2026/10/02 09:05:33.687, 103.17, 630, 150.00, 0, 68
2026/10/02 09:05:33.887, 105.80, 795, 150.00, 52, 69
2026/10/02 09:05:34.088, 112.63, 705, 150.00, 100, 69
2026/10/02 09:05:34.288, 125.44, 690, 150.00, 58, 69
2026/10/02 09:05:34.489, 126.50, 765, 150.00, 100, 70
2026/10/02 09:05:34.689, 142.13, 765, 150.00, 100, 70
2026/10/02 09:05:34.890, 135.12, 1680, 150.00, 100, 69
2026/10/02 09:05:35.091, 121.60, 1575, 150.00, 0, 68
2026/10/02 09:05:35.291, 122.67, 1680, 150.00, 0, 67
2026/10/02 09:05:35.492, 101.94, 705, 150.00, 0, 67
2026/10/02 09:05:35.692, 87.22, 1635, 150.00, 67, 68
2026/10/02 09:05:35.893, 71.65, 1620, 150.00, 0, 68
2026/10/02 09:05:36.093, 72.22, 1680, 150.00, 0, 67
2026/10/02 09:05:36.294, 71.90, 1695, 150.00, 0, 67
2026/10/02 09:05:36.494, 81.68, 780, 150.00, 6, 69
2026/10/02 09:05:36.695, 95.35, 1485, 150.00, 100, 69
2026/10/02 09:05:36.895, 115.37, 1260, 150.00, 23, 69
2026/10/02 09:05:37.096, 126.68, 765, 150.00, 22, 69
2026/10/02 09:05:37.296, 141.35, 780, 150.00, 100, 70
2026/10/02 09:05:37.497, 151.21, 780, 150.00, 69, 70
2026/10/02 09:05:37.698, 144.01, 1680, 150.00, 100, 68
2026/10/02 09:05:37.898, 131.33, 780, 150.00, 0, 69
2026/10/02 09:05:38.099, 132.08, 795, 150.00, 79, 69
2026/10/02 09:05:38.299, 119.82, 1650, 150.00, 100, 68
2026/10/02 09:05:38.500, 111.21, 1515, 150.00, 0, 69
2026/10/02 09:05:38.700, 100.47, 645, 150.00, 0, 68
2026/10/02 09:05:38.901, 106.74, 1005, 150.00, 100, 68
2026/10/02 09:05:39.101, 99.31, 1680, 150.00, 56, 68
2026/10/02 09:05:39.302, 99.75, 660, 150.00, 0, 69
2026/10/02 09:05:39.503, 115.35, 1455, 150.00, 100, 69
2026/10/02 09:05:39.703, 116.63, 780, 150.00, 4, 69
2026/10/02 09:05:39.904, 121.40, 780, 150.00, 82, 70
2026/10/02 09:05:40.104, 136.94, 765, 150.00, 100, 70
2026/10/02 09:05:40.305, 151.76, 765, 150.00, 100, 70
2026/10/02 09:05:40.505, 142.23, 765, 150.00, 100, 70
2026/10/02 09:05:40.706, 148.95, 765, 150.00, 100, 70
2026/10/02 09:05:40.907, 149.10, 765, 150.00, 100, 70
2026/10/02 09:05:41.107, 149.24, 1455, 150.00, 100, 70
2026/10/02 09:05:41.308, 135.47, 720, 150.00, 5, 69
2026/10/02 09:05:41.508, 134.95, 765, 150.00, 88, 70
2026/10/02 09:05:41.709, 130.48, 1680, 150.00, 100, 69
2026/10/02 09:05:41.909, 121.28, 705, 150.00, 0, 69
2026/10/02 09:05:42.110, 120.92, 780, 150.00, 91, 70
2026/10/02 09:05:42.310, 131.81, 780, 150.00, 72, 70
2026/10/02 09:05:42.511, 138.42, 765, 150.00, 100, 70
2026/10/02 09:05:42.712, 135.78, 810, 150.00, 100, 70
2026/10/02 09:05:42.912, 149.83, 765, 150.00, 100, 70
2026/10/02 09:05:43.113, 152.64, 765, 150.00, 100, 70
2026/10/02 09:05:43.313, 149.33, 765, 150.00, 100, 70
2026/10/02 09:05:43.514, 149.49, 720, 150.00, 100, 71
2026/10/02 09:05:43.714, 148.04, 705, 150.00, 100, 70
2026/10/02 09:05:43.915, 150.62, 1020, 150.00, 100, 70
2026/10/02 09:05:44.115, 148.60, 915, 150.00, 33, 70
2026/10/02 09:05:44.316, 149.28, 1485, 150.00, 92, 70
2026/10/02 09:05:44.516, 134.20, 1680, 150.00, 0, 68
2026/10/02 09:05:44.717, 134.22, 840, 150.00, 0, 69
2026/10/02 09:05:44.918, 120.06, 1635, 150.00, 43, 68
2026/10/02 09:05:45.118, 114.08, 1680, 150.00, 0, 68
2026/10/02 09:05:45.319, 116.45, 1035, 150.00, 49, 69
2026/10/02 09:05:45.519, 108.45, 1680, 150.00, 30, 68
2026/10/02 09:05:45.720, 108.34, 855, 150.00, 0, 67
2026/10/02 09:05:45.920, 107.71, 765, 150.00, 82, 69
2026/10/02 09:05:46.121, 112.96, 1500, 150.00, 47, 69
2026/10/02 09:05:46.321, 115.36, 645, 150.00, 0, 69
2026/10/02 09:05:46.522, 110.36, 1665, 150.00, 100, 68
2026/10/02 09:05:46.722, 110.37, 1680, 150.00, 0, 68
2026/10/02 09:05:46.923, 102.93, 1635, 150.00, 0, 68
2026/10/02 09:05:47.124, 110.78, 945, 150.00, 0, 69
2026/10/02 09:05:47.324, 128.04, 1185, 150.00, 73, 69
2026/10/02 09:05:47.525, 106.27, 1680, 150.00, 24, 68
2026/10/02 09:05:47.725, 107.12, 1695, 150.00, 0, 67
2026/10/02 09:05:47.926, 125.89, 795, 150.00, 48, 69
2026/10/02 09:05:48.127, 141.61, 780, 150.00, 100, 70
2026/10/02 09:05:48.327, 131.59, 765, 150.00, 100, 70
2026/10/02 09:05:48.528, 135.77, 690, 150.00, 100, 70
2026/10/02 09:05:48.728, 147.96, 705, 150.00, 100, 70
2026/10/02 09:05:48.929, 150.53, 765, 150.00, 100, 70
2026/10/02 09:05:49.129, 150.32, 765, 150.00, 94, 70
2026/10/02 09:05:49.330, 144.97, 1665, 150.00, 77, 69
2026/10/02 09:05:49.531, 130.26, 1680, 150.00, 0, 68
2026/10/02 09:05:49.731, 138.53, 765, 150.00, 31, 69
2026/10/02 09:05:49.932, 139.08, 765, 150.00, 100, 70
2026/10/02 09:05:50.132, 139.55, 1020, 150.00, 100, 70
2026/10/02 09:05:50.333, 131.00, 1455, 150.00, 87, 70
2026/10/02 09:05:50.533, 146.07, 780, 150.00, 59, 70
2026/10/02 09:05:50.734, 132.16, 1680, 150.00, 73, 68
2026/10/02 09:05:50.934, 117.78, 1680, 150.00, 0, 68
2026/10/02 09:05:51.135, 118.66, 765, 150.00, 62, 70
2026/10/02 09:05:51.335, 103.24, 1230, 150.00, 68, 68
2026/10/02 09:05:51.536, 108.36, 765, 150.00, 70, 70
2026/10/02 09:05:51.736, 116.43, 1290, 150.00, 100, 70
2026/10/02 09:05:51.937, 126.96, 1680, 150.00, 65, 69
2026/10/02 09:05:52.138, 118.96, 585, 150.00, 0, 68
2026/10/02 09:05:52.338, 117.28, 1650, 150.00, 92, 68
2026/10/02 09:05:52.539, 109.46, 1635, 150.00, 3, 68
2026/10/02 09:05:52.739, 94.65, 1680, 150.00, 0, 68
2026/10/02 09:05:52.940, 87.31, 1530, 150.00, 57, 69
2026/10/02 09:05:53.140, 96.87, 1680, 150.00, 53, 68
2026/10/02 09:05:53.341, 108.50, 765, 150.00, 50, 70
2026/10/02 09:05:53.542, 124.61, 750, 150.00, 100, 70
2026/10/02 09:05:53.742, 132.13, 1665, 150.00, 100, 69
2026/10/02 09:05:53.943, 125.85, 750, 150.00, 0, 69
2026/10/02 09:05:54.143, 119.71, 645, 150.00, 68, 69
2026/10/02 09:05:54.344, 123.69, 765, 150.00, 100, 70
2026/10/02 09:05:54.544, 117.03, 1590, 150.00, 100, 69
2026/10/02 09:05:54.745, 115.30, 735, 150.00, 0, 70
2026/10/02 09:05:54.945, 130.69, 765, 150.00, 100, 70
2026/10/02 09:05:55.146, 144.01, 765, 150.00, 100, 70
2026/10/02 09:05:55.347, 145.14, 765, 150.00, 100, 70
2026/10/02 09:05:55.547, 139.76, 735, 150.00, 75, 70
2026/10/02 09:05:55.748, 144.58, 780, 150.00, 93, 69
2026/10/02 09:05:55.948, 128.85, 1515, 150.00, 59, 69
2026/10/02 09:05:56.149, 114.15, 1680, 150.00, 0, 68
2026/10/02 09:05:56.349, 107.71, 765, 150.00, 5, 69
2026/10/02 09:05:56.550, 116.06, 765, 150.00, 90, 70
2026/10/02 09:05:56.750, 115.84, 765, 150.00, 100, 70
2026/10/02 09:05:56.951, 130.91, 765, 150.00, 100, 70
2026/10/02 09:05:57.152, 143.55, 1530, 150.00, 92, 70
2026/10/02 09:05:57.353, 148.32, 645, 150.00, 21, 70
2026/10/02 09:05:57.553, 147.32, 1365, 150.00, 89, 70
2026/10/02 09:05:57.754, 152.20, 780, 150.00, 100, 70
2026/10/02 09:05:57.954, 145.50, 1590, 150.00, 78, 69
2026/10/02 09:05:58.155, 143.33, 645, 150.00, 15, 70
2026/10/02 09:05:58.356, 137.56, 1680, 150.00, 0, 68
2026/10/02 09:05:58.556, 129.73, 1305, 150.00, 29, 68
2026/10/02 09:05:58.757, 116.02, 1680, 150.00, 0, 68
2026/10/02 09:05:58.957, 101.55, 1680, 150.00, 0, 68
2026/10/02 09:05:59.158, 114.23, 735, 150.00, 43, 69
2026/10/02 09:05:59.359, 111.78, 615, 150.00, 5, 69
2026/10/02 09:05:59.559, 111.22, 945, 150.00, 28, 69
2026/10/02 09:05:59.760, 116.32, 600, 150.00, 37, 69
2026/10/02 09:05:59.961, 130.36, 1170, 150.00, 100, 70
2026/10/02 09:06:00.161, 149.54, 645, 150.00, 33, 70
2026/10/02 09:06:00.362, 135.31, 1665, 150.00, 28, 69
2026/10/02 09:06:00.562, 148.26, 1545, 150.00, 89, 69
2026/10/02 09:06:00.763, 122.44, 1680, 150.00, 0, 68
2026/10/02 09:06:00.964, 125.64, 795, 150.00, 61, 69
2026/10/02 09:06:01.164, 112.42, 1605, 150.00, 70, 69
2026/10/02 09:06:01.365, 94.17, 1680, 150.00, 0, 68
2026/10/02 09:06:01.565, 86.89, 1695, 150.00, 0, 67
2026/10/02 09:06:01.766, 86.38, 1635, 150.00, 54, 68
2026/10/02 09:06:01.966, 105.85, 765, 150.00, 61, 69
2026/10/02 09:06:02.167, 115.44, 930, 150.00, 28, 70
2026/10/02 09:06:02.367, 122.54, 630, 150.00, 11, 69
2026/10/02 09:06:02.568, 121.10, 1680, 150.00, 0, 68
2026/10/02 09:06:02.768, 117.15, 1680, 150.00, 0, 67
2026/10/02 09:06:02.969, 120.59, 945, 150.00, 38, 69
2026/10/02 09:06:03.169, 117.76, 765, 150.00, 96, 69
2026/10/02 09:06:03.370, 106.43, 720, 150.00, 61, 69
2026/10/02 09:06:03.570, 109.44, 645, 150.00, 14, 69
2026/10/02 09:06:03.771, 123.54, 1380, 150.00, 100, 70
2026/10/02 09:06:03.972, 128.39, 630, 150.00, 8, 69
2026/10/02 09:06:04.172, 122.05, 1350, 150.00, 100, 70
2026/10/02 09:06:04.373, 116.26, 1680, 150.00, 0, 68
2026/10/02 09:06:04.573, 123.85, 660, 150.00, 50, 68
2026/10/02 09:06:04.774, 107.50, 705, 150.00, 0, 68
2026/10/02 09:06:04.974, 106.01, 1650, 150.00, 57, 68
2026/10/02 09:06:05.175, 103.65, 765, 150.00, 53, 69
2026/10/02 09:06:05.376, 102.11, 1680, 150.00, 0, 68
2026/10/02 09:06:05.576, 98.77, 1650, 150.00, 48, 68
2026/10/02 09:06:05.777, 100.03, 1680, 150.00, 0, 67
2026/10/02 09:06:05.977, 107.21, 1065, 150.00, 33, 69
2026/10/02 09:06:06.178, 107.36, 585, 150.00, 1, 68
2026/10/02 09:06:06.379, 105.67, 1215, 150.00, 100, 69
2026/10/02 09:06:06.579, 105.92, 1380, 150.00, 55, 69
2026/10/02 09:06:06.780, 125.79, 765, 150.00, 100, 69
2026/10/02 09:06:06.980, 140.47, 765, 150.00, 100, 70
2026/10/02 09:06:07.181, 142.66, 780, 150.00, 100, 70
2026/10/02 09:06:07.381, 150.98, 765, 150.00, 100, 70
2026/10/02 09:06:07.582, 157.99, 720, 150.00, 100, 70
2026/10/02 09:06:07.782, 151.22, 750, 150.00, 100, 70
2026/10/02 09:06:07.983, 151.46, 750, 150.00, 100, 70
2026/10/02 09:06:08.183, 151.54, 765, 150.00, 100, 70
2026/10/02 09:06:08.384, 151.17, 645, 150.00, 100, 70
2026/10/02 09:06:08.585, 149.25, 720, 150.00, 100, 70
2026/10/02 09:06:08.785, 150.19, 750, 150.00, 100, 70
2026/10/02 09:06:08.986, 150.25, 765, 150.00, 100, 71
2026/10/02 09:06:09.186, 150.36, 750, 150.00, 100, 71
2026/10/02 09:06:09.387, 142.64, 1470, 150.00, 63, 70
2026/10/02 09:06:09.587, 128.94, 1680, 150.00, 0, 68
2026/10/02 09:06:09.788, 128.65, 1185, 150.00, 38, 70
2026/10/02 09:06:09.988, 113.62, 1680, 150.00, 0, 68
2026/10/02 09:06:10.189, 110.21, 1350, 150.00, 51, 69
2026/10/02 09:06:10.389, 106.42, 1530, 150.00, 62, 69
2026/10/02 09:06:10.590, 100.85, 735, 150.00, 61, 69
2026/10/02 09:06:10.790, 113.94, 1020, 150.00, 33, 70
2026/10/02 09:06:10.991, 100.71, 1260, 150.00, 0, 68
2026/10/02 09:06:11.191, 105.33, 1680, 150.00, 0, 68
2026/10/02 09:06:11.392, 102.89, 780, 150.00, 62, 69
2026/10/02 09:06:11.593, 101.42, 1680, 150.00, 0, 68
2026/10/02 09:06:11.793, 98.02, 1635, 150.00, 58, 68
2026/10/02 09:06:11.994, 85.97, 1680, 150.00, 0, 68
2026/10/02 09:06:12.194, 80.91, 1695, 150.00, 0, 67
2026/10/02 09:06:12.395, 91.08, 1425, 150.00, 55, 68
2026/10/02 09:06:12.595, 80.04, 1620, 150.00, 64, 68
2026/10/02 09:06:12.796, 88.82, 780, 150.00, 57, 69
2026/10/02 09:06:12.997, 93.81, 1680, 150.00, 0, 68
2026/10/02 09:06:13.197, 107.16, 1380, 150.00, 31, 69
2026/10/02 09:06:13.398, 106.07, 1680, 150.00, 0, 67
2026/10/02 09:06:13.598, 116.82, 1260, 150.00, 100, 69
2026/10/02 09:06:13.799, 140.96, 1335, 150.00, 51, 69
2026/10/02 09:06:14.000, 127.18, 1680, 150.00, 0, 68
2026/10/02 09:06:14.200, 127.42, 1695, 150.00, 0, 67
2026/10/02 09:06:14.401, 128.07, 780, 150.00, 37, 69
2026/10/02 09:06:14.601, 121.75, 1680, 150.00, 10, 68
2026/10/02 09:06:14.802, 103.92, 1680, 150.00, 0, 67
2026/10/02 09:06:15.003, 91.57, 1170, 150.00, 54, 67
2026/10/02 09:06:15.203, 100.73, 1680, 150.00, 11, 67
2026/10/02 09:06:15.404, 114.39, 1275, 150.00, 24, 69
2026/10/02 09:06:15.604, 99.26, 1140, 150.00, 97, 69
2026/10/02 09:06:15.805, 98.54, 1680, 150.00, 0, 67
2026/10/02 09:06:16.005, 110.76, 660, 150.00, 40, 68
2026/10/02 09:06:16.206, 100.97, 1680, 150.00, 0, 67
2026/10/02 09:06:16.407, 101.67, 645, 150.00, 0, 67
2026/10/02 09:06:16.607, 88.08, 1680, 150.00, 0, 67
2026/10/02 09:06:16.808, 85.51, 735, 150.00, 62, 68
2026/10/02 09:06:17.008, 77.95, 915, 150.00, 58, 68
2026/10/02 09:06:17.209, 88.03, 1680, 150.00, 1, 67
2026/10/02 09:06:17.409, 88.24, 1680, 150.00, 0, 67
2026/10/02 09:06:17.610, 89.15, 1695, 150.00, 0, 67
2026/10/02 09:06:17.810, 108.73, 1395, 150.00, 94, 68
2026/10/02 09:06:18.011, 98.11, 1680, 150.00, 0, 67
2026/10/02 09:06:18.211, 90.93, 1695, 150.00, 0, 67
2026/10/02 09:06:18.412, 91.35, 1695, 150.00, 0, 66
2026/10/02 09:06:18.613, 98.30, 705, 150.00, 10, 68
2026/10/02 09:06:18.813, 100.54, 780, 150.00, 100, 69
2026/10/02 09:06:19.014, 98.75, 1680, 150.00, 0, 67
2026/10/02 09:06:19.214, 98.76, 1680, 150.00, 0, 67
2026/10/02 09:06:19.414, 98.71, 1695, 150.00, 0, 66
2026/10/02 09:06:19.615, 105.84, 795, 150.00, 68, 68
2026/10/02 09:06:19.816, 106.91, 1350, 150.00, 100, 69
2026/10/02 09:06:20.016, 104.32, 1680, 150.00, 34, 67
2026/10/02 09:06:20.217, 117.96, 1320, 150.00, 26, 68
2026/10/02 09:06:20.417, 123.34, 780, 150.00, 85, 68
2026/10/02 09:06:20.618, 138.01, 780, 150.00, 100, 69
2026/10/02 09:06:20.818, 130.54, 600, 150.00, 0, 67
2026/10/02 09:06:21.019, 113.83, 1680, 150.00, 0, 67
2026/10/02 09:06:21.219, 114.87, 690, 150.00, 0, 67
2026/10/02 09:06:21.420, 108.66, 900, 150.00, 0, 67
2026/10/02 09:06:21.620, 102.69, 1680, 150.00, 0, 67
2026/10/02 09:06:21.821, 87.85, 1680, 150.00, 0, 67
2026/10/02 09:06:22.022, 86.13, 1695, 150.00, 0, 66
2026/10/02 09:06:22.222, 94.97, 1560, 150.00, 59, 68
2026/10/02 09:06:22.423, 87.91, 1680, 150.00, 0, 66
2026/10/02 09:06:22.623, 82.06, 1620, 150.00, 60, 67
2026/10/02 09:06:22.824, 82.24, 1680, 150.00, 0, 66
2026/10/02 09:06:23.024, 82.17, 1695, 150.00, 0, 66
2026/10/02 09:06:23.225, 91.06, 1035, 150.00, 73, 68
2026/10/02 09:06:23.425, 81.61, 1680, 150.00, 0, 66
2026/10/02 09:06:23.626, 81.61, 1695, 150.00, 0, 66
2026/10/02 09:06:23.826, 79.88, 1695, 150.00, 0, 66
2026/10/02 09:06:24.027, 88.61, 795, 150.00, 58, 67
2026/10/02 09:06:24.227, 93.82, 1665, 150.00, 66, 67
2026/10/02 09:06:24.428, 86.96, 1650, 150.00, 62, 67
2026/10/02 09:06:24.628, 96.14, 1665, 150.00, 47, 67
2026/10/02 09:06:24.829, 96.08, 1680, 150.00, 0, 66
2026/10/02 09:06:25.030, 100.93, 1665, 150.00, 53, 66
2026/10/02 09:06:25.230, 105.43, 1200, 150.00, 100, 68
2026/10/02 09:06:25.431, 124.32, 1065, 150.00, 96, 68
2026/10/02 09:06:25.631, 122.93, 1680, 150.00, 13, 67
2026/10/02 09:06:25.832, 124.29, 1020, 150.00, 0, 66
2026/10/02 09:06:26.032, 135.59, 1560, 150.00, 59, 68
2026/10/02 09:06:26.233, 135.22, 795, 150.00, 44, 68
2026/10/02 09:06:26.434, 124.93, 1680, 150.00, 0, 67
2026/10/02 09:06:26.634, 119.36, 1680, 150.00, 37, 67
2026/10/02 09:06:26.835, 119.98, 1680, 150.00, 0, 66
2026/10/02 09:06:27.035, 124.18, 1485, 150.00, 41, 68
2026/10/02 09:06:27.236, 127.95, 1680, 150.00, 35, 67
2026/10/02 09:06:27.436, 107.74, 1680, 150.00, 0, 66
2026/10/02 09:06:27.637, 95.88, 1695, 150.00, 0, 66
2026/10/02 09:06:27.837, 96.12, 1650, 150.00, 59, 66
2026/10/02 09:06:28.038, 96.91, 1635, 150.00, 61, 67
2026/10/02 09:06:28.238, 70.55, 1125, 150.00, 0, 66
2026/10/02 09:06:28.439, 80.73, 645, 150.00, 7, 67
2026/10/02 09:06:28.639, 79.70, 1680, 150.00, 0, 66
2026/10/02 09:06:28.840, 79.60, 1695, 150.00, 0, 66
2026/10/02 09:06:29.040, 80.80, 1695, 150.00, 0, 66
2026/10/02 09:06:29.241, 80.09, 1425, 150.00, 0, 65
2026/10/02 09:06:29.442, 89.70, 1575, 150.00, 77, 67
2026/10/02 09:06:29.642, 101.55, 1500, 150.00, 49, 67
2026/10/02 09:06:29.843, 100.91, 1680, 150.00, 0, 66
2026/10/02 09:06:30.043, 100.87, 1695, 150.00, 0, 65
2026/10/02 09:06:30.244, 100.77, 1695, 150.00, 0, 65
2026/10/02 09:06:30.444, 92.52, 780, 150.00, 64, 67
2026/10/02 09:06:30.645, 100.20, 795, 150.00, 98, 68
2026/10/02 09:06:30.846, 98.51, 1635, 150.00, 70, 67
2026/10/02 09:06:31.046, 109.03, 1170, 150.00, 16, 67
2026/10/02 09:06:31.246, 107.74, 1680, 150.00, 0, 66
2026/10/02 09:06:31.447, 107.73, 660, 150.00, 0, 66
2026/10/02 09:06:31.647, 95.64, 1680, 150.00, 0, 66
2026/10/02 09:06:31.848, 80.64, 630, 150.00, 0, 65
2026/10/02 09:06:32.048, 85.38, 1665, 150.00, 59, 66
2026/10/02 09:06:32.249, 75.80, 1680, 150.00, 0, 66
2026/10/02 09:06:32.449, 75.87, 825, 150.00, 0, 65
2026/10/02 09:06:32.650, 83.44, 1665, 150.00, 48, 66
2026/10/02 09:06:32.850, 83.51, 615, 150.00, 0, 65
2026/10/02 09:06:33.051, 78.92, 1680, 150.00, 0, 66
2026/10/02 09:06:33.251, 79.53, 660, 150.00, 61, 66
2026/10/02 09:06:33.452, 79.56, 1680, 150.00, 0, 66
2026/10/02 09:06:33.652, 71.81, 1680, 150.00, 0, 65
2026/10/02 09:06:33.853, 84.67, 1530, 150.00, 49, 67
2026/10/02 09:06:34.054, 85.52, 930, 150.00, 6, 67
2026/10/02 09:06:34.254, 84.54, 660, 150.00, 0, 65
2026/10/02 09:06:34.454, 83.57, 1680, 150.00, 0, 65
2026/10/02 09:06:34.655, 90.52, 750, 150.00, 64, 67
2026/10/02 09:06:34.855, 96.44, 1680, 150.00, 37, 66
2026/10/02 09:06:35.056, 93.34, 1575, 150.00, 61, 67
2026/10/02 09:06:35.256, 90.44, 1680, 150.00, 0, 65
2026/10/02 09:06:35.457, 101.32, 1560, 150.00, 55, 67
2026/10/02 09:06:35.658, 105.87, 1515, 150.00, 0, 65
2026/10/02 09:06:35.858, 107.09, 1335, 150.00, 17, 67
2026/10/02 09:06:36.059, 112.97, 1680, 150.00, 38, 66
2026/10/02 09:06:36.260, 111.98, 1680, 150.00, 34, 66
2026/10/02 09:06:36.460, 102.19, 1680, 150.00, 0, 65
2026/10/02 09:06:36.661, 90.94, 1695, 150.00, 0, 65
2026/10/02 09:06:36.862, 82.78, 1695, 150.00, 0, 65
2026/10/02 09:06:37.062, 83.80, 1695, 150.00, 0, 65
2026/10/02 09:06:37.263, 83.80, 1695, 150.00, 0, 65
2026/10/02 09:06:37.463, 83.80, 1695, 150.00, 0, 65
2026/10/02 09:06:37.664, 102.74, 1605, 150.00, 0, 65
2026/10/02 09:06:37.865, 102.49, 1680, 150.00, 0, 65
2026/10/02 09:06:38.065, 102.35, 1695, 150.00, 0, 64
2026/10/02 09:06:38.266, 109.38, 1245, 150.00, 0, 66
2026/10/02 09:06:38.466, 103.78, 1680, 150.00, 40, 65
2026/10/02 09:06:38.667, 80.72, 1695, 150.00, 0, 64
2026/10/02 09:06:38.868, 87.16, 705, 150.00, 0, 64
2026/10/02 09:06:39.068, 86.76, 1680, 150.00, 61, 65
2026/10/02 09:06:39.269, 74.94, 1680, 150.00, 0, 64
2026/10/02 09:06:39.469, 77.22, 930, 150.00, 0, 65
2026/10/02 09:06:39.670, 89.83, 1560, 150.00, 54, 64
2026/10/02 09:06:39.870, 89.08, 1680, 150.00, 45, 65
2026/10/02 09:06:40.071, 83.32, 1680, 150.00, 0, 64
2026/10/02 09:06:40.271, 104.78, 765, 150.00, 0, 66
2026/10/02 09:06:40.472, 101.74, 1680, 150.00, 100, 65
2026/10/02 09:06:40.672, 101.09, 855, 150.00, 64, 66
2026/10/02 09:06:40.873, 94.61, 795, 150.00, 82, 66
2026/10/02 09:06:41.074, 94.58, 1680, 150.00, 0, 65
2026/10/02 09:06:41.274, 80.59, 1695, 150.00, 0, 64
2026/10/02 09:06:41.475, 79.83, 1245, 150.00, 98, 66
2026/10/02 09:06:41.675, 79.70, 900, 150.00, 1, 65
2026/10/02 09:06:41.876, 74.32, 1680, 150.00, 0, 65
2026/10/02 09:06:42.077, 74.32, 660, 150.00, 0, 66
2026/10/02 09:06:42.277, 74.14, 1680, 150.00, 0, 65
2026/10/02 09:06:42.478, 67.04, 1695, 150.00, 0, 64
2026/10/02 09:06:42.678, 68.18, 1695, 150.00, 0, 64
2026/10/02 09:06:42.879, 69.35, 1695, 150.00, 0, 64
2026/10/02 09:06:43.080, 68.25, 810, 150.00, 2, 65
2026/10/02 09:06:43.280, 69.15, 1680, 150.00, 0, 64
2026/10/02 09:06:43.480, 82.26, 1695, 150.00, 0, 64
2026/10/02 09:06:43.681, 90.77, 795, 150.00, 100, 66
2026/10/02 09:06:43.881, 111.58, 765, 150.00, 26, 66
2026/10/02 09:06:44.082, 118.77, 1605, 150.00, 97, 66
2026/10/02 09:06:44.283, 119.99, 1680, 150.00, 0, 64
2026/10/02 09:06:44.483, 120.09, 1695, 150.00, 0, 64
2026/10/02 09:06:44.684, 111.05, 1695, 150.00, 0, 64
2026/10/02 09:06:44.884, 99.40, 645, 150.00, 45, 65
2026/10/02 09:06:45.085, 83.41, 1665, 150.00, 59, 65
2026/10/02 09:06:45.285, 86.48, 645, 150.00, 61, 65
2026/10/02 09:06:45.486, 86.08, 1680, 150.00, 0, 65
2026/10/02 09:06:45.687, 85.97, 1680, 150.00, 0, 64
2026/10/02 09:06:45.887, 75.63, 1695, 150.00, 0, 64
2026/10/02 09:06:46.088, 72.52, 1695, 150.00, 0, 64
2026/10/02 09:06:46.288, 73.04, 1650, 150.00, 61, 64
2026/10/02 09:06:46.489, 79.88, 1155, 150.00, 61, 65
2026/10/02 09:06:46.689, 79.39, 1680, 150.00, 5, 64
2026/10/02 09:06:46.890, 79.34, 1680, 150.00, 0, 64
2026/10/02 09:06:47.090, 79.27, 1695, 150.00, 0, 64
2026/10/02 09:06:47.291, 92.94, 1695, 150.00, 0, 64
2026/10/02 09:06:47.492, 100.29, 1560, 150.00, 99, 65
2026/10/02 09:06:47.692, 90.42, 1680, 150.00, 0, 64
2026/10/02 09:06:47.893, 110.20, 810, 150.00, 46, 65
2026/10/02 09:06:48.093, 109.82, 1680, 150.00, 0, 64
2026/10/02 09:06:48.294, 109.75, 1680, 150.00, 0, 64
2026/10/02 09:06:48.494, 97.51, 945, 150.00, 0, 64
2026/10/02 09:06:48.695, 97.55, 1680, 150.00, 0, 64
2026/10/02 09:06:48.895, 85.48, 1680, 150.00, 0, 64
2026/10/02 09:06:49.096, 80.04, 1620, 150.00, 59, 64
2026/10/02 09:06:49.296, 81.58, 600, 150.00, 0, 64
2026/10/02 09:06:49.497, 81.02, 1650, 150.00, 69, 65
2026/10/02 09:06:49.698, 72.67, 1680, 150.00, 0, 64
2026/10/02 09:06:49.898, 80.57, 765, 150.00, 0, 64
2026/10/02 09:06:50.099, 78.92, 1635, 150.00, 79, 65
2026/10/02 09:06:50.299, 86.20, 765, 150.00, 65, 65
2026/10/02 09:06:50.500, 84.01, 1680, 150.00, 42, 65
2026/10/02 09:06:50.700, 84.23, 1680, 150.00, 0, 64
2026/10/02 09:06:50.901, 84.21, 1695, 150.00, 0, 64
2026/10/02 09:06:51.101, 80.31, 765, 150.00, 0, 63
2026/10/02 09:06:51.302, 100.99, 795, 150.00, 44, 65
2026/10/02 09:06:51.502, 101.31, 630, 150.00, 0, 64
2026/10/02 09:06:51.703, 100.89, 1650, 150.00, 71, 65
2026/10/02 09:06:51.903, 100.83, 1680, 150.00, 0, 64
2026/10/02 09:06:52.104, 100.86, 1695, 150.00, 0, 64
2026/10/02 09:06:52.305, 96.40, 1305, 150.00, 22, 65
2026/10/02 09:06:52.505, 88.98, 1680, 150.00, 0, 64
2026/10/02 09:06:52.706, 82.19, 1695, 150.00, 0, 63
2026/10/02 09:06:52.906, 82.30, 1695, 150.00, 0, 63
2026/10/02 09:06:53.107, 99.98, 1575, 150.00, 59, 65
2026/10/02 09:06:53.307, 92.71, 1425, 150.00, 100, 65
2026/10/02 09:06:53.508, 105.94, 1425, 150.00, 0, 64
2026/10/02 09:06:53.708, 105.30, 1680, 150.00, 9, 64
2026/10/02 09:06:53.909, 113.75, 900, 150.00, 2, 65
2026/10/02 09:06:54.109, 114.43, 1395, 150.00, 83, 66
2026/10/02 09:06:54.310, 109.37, 1680, 150.00, 0, 64
2026/10/02 09:06:54.510, 111.56, 990, 150.00, 53, 65
2026/10/02 09:06:54.711, 100.58, 585, 150.00, 0, 64
2026/10/02 09:06:54.911, 100.84, 1635, 150.00, 62, 65
2026/10/02 09:06:55.112, 82.22, 1680, 150.00, 0, 64
2026/10/02 09:06:55.313, 89.84, 690, 150.00, 0, 64
2026/10/02 09:06:55.513, 74.93, 1680, 150.00, 56, 64
2026/10/02 09:06:55.714, 76.11, 1680, 150.00, 0, 64
2026/10/02 09:06:55.914, 88.68, 1695, 150.00, 0, 63
2026/10/02 09:06:56.115, 87.76, 1680, 150.00, 38, 64
2026/10/02 09:06:56.315, 87.67, 1680, 150.00, 0, 63
2026/10/02 09:06:56.516, 81.98, 1695, 150.00, 0, 63
2026/10/02 09:06:56.716, 82.04, 1695, 150.00, 0, 63
2026/10/02 09:06:56.917, 83.86, 1245, 150.00, 63, 65
2026/10/02 09:06:57.118, 78.39, 1500, 150.00, 97, 65
2026/10/02 09:06:57.318, 78.43, 1680, 150.00, 0, 64
2026/10/02 09:06:57.519, 78.42, 1695, 150.00, 0, 63
2026/10/02 09:06:57.719, 78.45, 1695, 150.00, 0, 63
2026/10/02 09:06:57.920, 75.73, 1695, 150.00, 0, 63
2026/10/02 09:06:58.121, 77.73, 1695, 150.00, 0, 63
2026/10/02 09:06:58.321, 84.93, 1545, 150.00, 100, 65
2026/10/02 09:06:58.522, 84.87, 1680, 150.00, 0, 63
2026/10/02 09:06:58.722, 90.19, 705, 150.00, 59, 64
2026/10/02 09:06:58.923, 89.83, 1680, 150.00, 0, 64
2026/10/02 09:06:59.123, 89.79, 1680, 150.00, 0, 63
2026/10/02 09:06:59.324, 83.77, 1440, 150.00, 16, 64
2026/10/02 09:06:59.524, 83.44, 1275, 150.00, 3, 64
2026/10/02 09:06:59.725, 81.31, 1680, 150.00, 0, 63
2026/10/02 09:06:59.925, 91.36, 855, 150.00, 0, 63
2026/10/02 09:07:00.126, 90.59, 1680, 150.00, 16, 63
2026/10/02 09:07:00.326, 87.42, 1635, 150.00, 58, 64
2026/10/02 09:07:00.527, 88.55, 1680, 150.00, 0, 63
2026/10/02 09:07:00.727, 89.70, 1695, 150.00, 0, 63
2026/10/02 09:07:00.928, 89.21, 1665, 150.00, 60, 63
2026/10/02 09:07:01.128, 76.81, 1680, 150.00, 0, 63
2026/10/02 09:07:01.329, 68.27, 1695, 150.00, 0, 63
2026/10/02 09:07:01.530, 83.10, 795, 150.00, 53, 64
2026/10/02 09:07:01.730, 82.61, 1665, 150.00, 71, 64
2026/10/02 09:07:01.931, 103.65, 810, 150.00, 23, 64
2026/10/02 09:07:02.131, 103.26, 1680, 150.00, 19, 64
2026/10/02 09:07:02.332, 103.24, 1680, 150.00, 0, 63
2026/10/02 09:07:02.532, 93.19, 1695, 150.00, 0, 63
2026/10/02 09:07:02.733, 101.86, 1575, 150.00, 39, 64
2026/10/02 09:07:02.934, 104.56, 810, 150.00, 50, 65
2026/10/02 09:07:03.134, 120.31, 1080, 150.00, 52, 65
2026/10/02 09:07:03.335, 127.35, 1635, 150.00, 100, 65
2026/10/02 09:07:03.535, 131.37, 615, 150.00, 0, 63
2026/10/02 09:07:03.736, 123.54, 675, 150.00, 68, 64
2026/10/02 09:07:03.937, 127.78, 795, 150.00, 68, 65
2026/10/02 09:07:04.137, 128.64, 795, 150.00, 100, 66
2026/10/02 09:07:04.338, 112.27, 1650, 150.00, 89, 65
2026/10/02 09:07:04.538, 112.70, 1680, 150.00, 0, 64
2026/10/02 09:07:04.739, 114.68, 630, 150.00, 0, 63
2026/10/02 09:07:04.939, 102.68, 1320, 150.00, 5, 64
2026/10/02 09:07:05.140, 86.75, 1170, 150.00, 0, 64
2026/10/02 09:07:05.340, 74.46, 1680, 150.00, 61, 64
2026/10/02 09:07:05.541, 86.94, 855, 150.00, 0, 63
2026/10/02 09:07:05.742, 86.26, 1680, 150.00, 10, 64
2026/10/02 09:07:05.942, 97.92, 810, 150.00, 46, 65
2026/10/02 09:07:06.143, 114.36, 795, 150.00, 100, 65
2026/10/02 09:07:06.343, 115.18, 1680, 150.00, 32, 64
2026/10/02 09:07:06.544, 127.86, 900, 150.00, 0, 64
2026/10/02 09:07:06.744, 131.57, 825, 150.00, 100, 65
2026/10/02 09:07:06.945, 118.73, 945, 150.00, 48, 64
2026/10/02 09:07:07.145, 115.70, 1575, 150.00, 38, 65
2026/10/02 09:07:07.346, 108.90, 1680, 150.00, 0, 64
2026/10/02 09:07:07.546, 110.56, 1650, 150.00, 58, 64
2026/10/02 09:07:07.747, 94.03, 1350, 150.00, 7, 65
2026/10/02 09:07:07.947, 87.18, 1680, 150.00, 0, 64
2026/10/02 09:07:08.148, 74.08, 1695, 150.00, 0, 63
2026/10/02 09:07:08.348, 74.87, 1695, 150.00, 0, 63
2026/10/02 09:07:08.549, 83.07, 630, 150.00, 0, 63
2026/10/02 09:07:08.750, 89.61, 1590, 150.00, 51, 65
2026/10/02 09:07:08.950, 90.78, 1680, 150.00, 0, 63
2026/10/02 09:07:09.150, 104.98, 1215, 150.00, 0, 63
2026/10/02 09:07:09.351, 103.94, 1680, 150.00, 30, 63
2026/10/02 09:07:09.552, 116.55, 1575, 150.00, 39, 64
2026/10/02 09:07:09.752, 106.24, 1590, 150.00, 45, 65
2026/10/02 09:07:09.953, 113.64, 750, 150.00, 3, 64
2026/10/02 09:07:10.153, 130.07, 705, 150.00, 100, 65
2026/10/02 09:07:10.354, 116.33, 1680, 150.00, 7, 64
2026/10/02 09:07:10.554, 102.87, 1680, 150.00, 0, 63
2026/10/02 09:07:10.755, 91.44, 1695, 150.00, 0, 63
2026/10/02 09:07:10.955, 99.64, 765, 150.00, 4, 63
2026/10/02 09:07:11.156, 97.81, 945, 150.00, 38, 64
2026/10/02 09:07:11.356, 105.18, 675, 150.00, 100, 64
2026/10/02 09:07:11.557, 112.12, 1290, 150.00, 100, 66
2026/10/02 09:07:11.757, 112.02, 1680, 150.00, 0, 64
2026/10/02 09:07:11.958, 122.18, 1650, 150.00, 57, 64
2026/10/02 09:07:12.159, 133.50, 1530, 150.00, 100, 65
2026/10/02 09:07:12.359, 111.35, 1680, 150.00, 44, 64
2026/10/02 09:07:12.560, 95.45, 1680, 150.00, 0, 64
2026/10/02 09:07:12.760, 96.41, 1695, 150.00, 0, 63
2026/10/02 09:07:12.961, 92.49, 1695, 150.00, 0, 63
2026/10/02 09:07:13.161, 92.41, 1125, 150.00, 0, 63
2026/10/02 09:07:13.362, 95.70, 1035, 150.00, 27, 63
2026/10/02 09:07:13.563, 95.00, 1680, 150.00, 17, 63
2026/10/02 09:07:13.763, 109.01, 1650, 150.00, 0, 63
2026/10/02 09:07:13.964, 117.69, 660, 150.00, 82, 65
2026/10/02 09:07:14.164, 112.81, 1680, 150.00, 0, 64
2026/10/02 09:07:14.365, 100.31, 1680, 150.00, 0, 63
2026/10/02 09:07:14.566, 101.04, 1695, 150.00, 0, 63
2026/10/02 09:07:14.766, 86.99, 1695, 150.00, 0, 63
2026/10/02 09:07:14.967, 78.25, 1695, 150.00, 0, 63
2026/10/02 09:07:15.167, 79.12, 1425, 150.00, 45, 64
2026/10/02 09:07:15.368, 91.91, 1560, 150.00, 23, 64
2026/10/02 09:07:15.568, 98.36, 735, 150.00, 95, 64
2026/10/02 09:07:15.769, 99.50, 675, 150.00, 59, 64
2026/10/02 09:07:15.970, 99.26, 1680, 150.00, 0, 63
2026/10/02 09:07:16.170, 99.68, 660, 150.00, 48, 63
2026/10/02 09:07:16.371, 86.56, 1680, 150.00, 0, 63
2026/10/02 09:07:16.572, 100.55, 1500, 150.00, 34, 64
2026/10/02 09:07:16.772, 107.31, 1680, 150.00, 18, 63
2026/10/02 09:07:16.973, 118.21, 1485, 150.00, 26, 63
2026/10/02 09:07:17.173, 123.57, 1395, 150.00, 49, 64
2026/10/02 09:07:17.374, 112.31, 1065, 150.00, 58, 64
2026/10/02 09:07:17.575, 108.38, 645, 150.00, 52, 63
2026/10/02 09:07:17.775, 116.35, 645, 150.00, 67, 63
2026/10/02 09:07:17.976, 122.05, 885, 150.00, 90, 65
2026/10/02 09:07:18.177, 100.55, 1680, 150.00, 0, 64
2026/10/02 09:07:18.377, 101.71, 1680, 150.00, 0, 63
2026/10/02 09:07:18.578, 102.27, 1695, 150.00, 0, 63
2026/10/02 09:07:18.778, 92.63, 1695, 150.00, 0, 63
2026/10/02 09:07:18.979, 78.47, 1665, 150.00, 0, 63
2026/10/02 09:07:19.180, 78.43, 615, 150.00, 58, 63
2026/10/02 09:07:19.380, 95.85, 705, 150.00, 65, 64
2026/10/02 09:07:19.581, 108.70, 1035, 150.00, 39, 64
2026/10/02 09:07:19.781, 107.88, 1680, 150.00, 0, 63
2026/10/02 09:07:19.982, 106.75, 1680, 150.00, 0, 63
2026/10/02 09:07:20.182, 118.74, 660, 150.00, 49, 63
2026/10/02 09:07:20.383, 100.53, 1680, 150.00, 0, 63
2026/10/02 09:07:20.584, 96.23, 1350, 150.00, 51, 63
2026/10/02 09:07:20.784, 83.64, 1680, 150.00, 0, 63
2026/10/02 09:07:20.985, 97.32, 1110, 150.00, 34, 63
2026/10/02 09:07:21.185, 96.41, 1680, 150.00, 0, 63
2026/10/02 09:07:21.386, 85.21, 1680, 150.00, 0, 63
2026/10/02 09:07:21.586, 80.57, 1695, 150.00, 0, 62
2026/10/02 09:07:21.787, 103.48, 825, 150.00, 88, 64
2026/10/02 09:07:21.987, 102.76, 1680, 150.00, 0, 63
2026/10/02 09:07:22.188, 89.86, 1680, 150.00, 0, 63
2026/10/02 09:07:22.388, 89.94, 1695, 150.00, 0, 62
2026/10/02 09:07:22.589, 90.79, 855, 150.00, 58, 62
2026/10/02 09:07:22.790, 86.34, 600, 150.00, 58, 63
2026/10/02 09:07:22.990, 87.83, 645, 150.00, 54, 63
2026/10/02 09:07:23.191, 87.38, 1680, 150.00, 0, 63
2026/10/02 09:07:23.392, 87.34, 1680, 150.00, 0, 62
2026/10/02 09:07:23.592, 98.33, 810, 150.00, 84, 64
2026/10/02 09:07:23.793, 106.31, 1635, 150.00, 1, 64
2026/10/02 09:07:23.993, 97.79, 1680, 150.00, 0, 63
2026/10/02 09:07:24.194, 88.47, 1695, 150.00, 0, 63
2026/10/02 09:07:24.395, 109.51, 825, 150.00, 100, 64
2026/10/02 09:07:24.595, 115.88, 795, 150.00, 100, 65
2026/10/02 09:07:24.796, 120.38, 795, 150.00, 100, 65
2026/10/02 09:07:24.996, 120.24, 1665, 150.00, 0, 64
2026/10/02 09:07:25.197, 119.53, 1245, 150.00, 62, 65
2026/10/02 09:07:25.397, 113.88, 600, 150.00, 56, 63
2026/10/02 09:07:25.598, 102.19, 1650, 150.00, 0, 64
2026/10/02 09:07:25.799, 86.76, 1680, 150.00, 0, 63
2026/10/02 09:07:25.999, 79.56, 1695, 150.00, 0, 63
2026/10/02 09:07:26.200, 90.21, 1620, 150.00, 6, 64
2026/10/02 09:07:26.400, 96.55, 1650, 150.00, 0, 64
2026/10/02 09:07:26.601, 84.78, 1680, 150.00, 0, 63
2026/10/02 09:07:26.802, 85.05, 1695, 150.00, 0, 63
2026/10/02 09:07:27.002, 85.05, 1695, 150.00, 1, 62
2026/10/02 09:07:27.203, 72.76, 1680, 150.00, 0, 63
2026/10/02 09:07:27.403, 67.43, 1680, 150.00, 0, 63
2026/10/02 09:07:27.603, 66.67, 1290, 150.00, 55, 64
2026/10/02 09:07:27.804, 66.55, 1680, 150.00, 0, 63
2026/10/02 09:07:28.004, 66.48, 1695, 150.00, 0, 62
2026/10/02 09:07:28.205, 67.48, 1695, 150.00, 0, 62
2026/10/02 09:07:28.405, 67.57, 1695, 150.00, 0, 62
2026/10/02 09:07:28.606, 85.14, 810, 150.00, 100, 64
2026/10/02 09:07:28.806, 87.73, 675, 150.00, 59, 63
2026/10/02 09:07:29.007, 87.51, 1680, 150.00, 0, 63
2026/10/02 09:07:29.208, 87.50, 1695, 150.00, 0, 62
2026/10/02 09:07:29.408, 111.80, 780, 150.00, 71, 64
2026/10/02 09:07:29.609, 101.34, 1680, 150.00, 0, 63
2026/10/02 09:07:29.809, 102.96, 1410, 150.00, 47, 64
2026/10/02 09:07:30.010, 100.85, 1680, 150.00, 0, 63
2026/10/02 09:07:30.210, 114.48, 1125, 150.00, 35, 62
2026/10/02 09:07:30.411, 99.67, 1680, 150.00, 0, 63
2026/10/02 09:07:30.611, 89.86, 1680, 150.00, 0, 62
2026/10/02 09:07:30.812, 80.19, 1695, 150.00, 0, 62
2026/10/02 09:07:31.013, 81.41, 1695, 150.00, 0, 62
2026/10/02 09:07:31.213, 81.40, 1695, 150.00, 0, 62
2026/10/02 09:07:31.414, 81.40, 1695, 150.00, 0, 62
2026/10/02 09:07:31.614, 81.40, 1695, 150.00, 0, 62
2026/10/02 09:07:31.815, 81.40, 1695, 150.00, 0, 62
2026/10/02 09:07:32.015, 81.40, 1695, 150.00, 0, 62
2026/10/02 09:07:32.216, 68.21, 1695, 150.00, 0, 61
2026/10/02 09:07:32.416, 68.21, 1695, 150.00, 0, 61
2026/10/02 09:07:32.617, 68.21, 1695, 150.00, 0, 61
2026/10/02 09:07:32.817, 68.21, 1695, 150.00, 0, 61
2026/10/02 09:07:33.018, 68.21, 1695, 150.00, 0, 61
2026/10/02 09:07:33.218, 68.14, 1695, 150.00, 0, 61
2026/10/02 09:07:33.419, 68.14, 1695, 150.00, 0, 61
2026/10/02 09:07:33.619, 68.14, 1695, 150.00, 0, 61
2026/10/02 09:07:33.820, 68.14, 1695, 150.00, 0, 61
2026/10/02 09:07:34.020, 68.14, 1695, 150.00, 0, 61
2026/10/02 09:07:34.221, 68.00, 1695, 150.00, 0, 61
2026/10/02 09:07:34.422, 68.00, 1695, 150.00, 0, 61
2026/10/02 09:07:34.622, 68.00, 1695, 150.00, 0, 61
2026/10/02 09:07:34.823, 68.00, 1695, 150.00, 0, 61
2026/10/02 09:07:35.023, 68.00, 1695, 150.00, 0, 61
2026/10/02 09:07:35.224, 67.86, 1695, 150.00, 0, 61
2026/10/02 09:07:35.425, 67.86, 1695, 150.00, 0, 61
2026/10/02 09:07:35.625, 67.86, 1695, 150.00, 0, 61
2026/10/02 09:07:35.826, 67.86, 1695, 150.00, 0, 61
2026/10/02 09:07:36.026, 67.86, 1695, 150.00, 0, 61
2026/10/02 09:07:36.227, 67.57, 1695, 150.00, 0, 61
2026/10/02 09:07:36.427, 67.57, 1695, 150.00, 0, 61
2026/10/02 09:07:36.628, 67.57, 1695, 150.00, 0, 61
2026/10/02 09:07:36.828, 67.57, 1695, 150.00, 0, 61
2026/10/02 09:07:37.029, 67.57, 1695, 150.00, 0, 61
2026/10/02 09:07:37.229, 67.29, 1695, 150.00, 0, 60
2026/10/02 09:07:37.430, 67.29, 1695, 150.00, 0, 60
2026/10/02 09:07:37.631, 67.29, 1695, 150.00, 0, 60
2026/10/02 09:07:37.831, 67.29, 1695, 150.00, 0, 60
2026/10/02 09:07:38.032, 67.29, 1695, 150.00, 0, 60
2026/10/02 09:07:38.232, 67.15, 1695, 150.00, 0, 60
2026/10/02 09:07:38.433, 67.15, 1695, 150.00, 0, 60
2026/10/02 09:07:38.633, 67.15, 1695, 150.00, 0, 60
2026/10/02 09:07:38.834, 67.15, 1695, 150.00, 0, 60
2026/10/02 09:07:39.034, 67.15, 1695, 150.00, 0, 60
2026/10/02 09:07:39.235, 67.00, 1695, 150.00, 0, 60
2026/10/02 09:07:39.436, 67.00, 1695, 150.00, 0, 60
2026/10/02 09:07:39.636, 67.00, 1695, 150.00, 0, 60
2026/10/02 09:07:39.837, 67.00, 1695, 150.00, 0, 60
2026/10/02 09:07:40.037, 67.00, 1695, 150.00, 0, 60
2026/10/02 09:07:40.238, 66.87, 1695, 150.00, 0, 60
2026/10/02 09:07:40.438, 66.87, 1695, 150.00, 0, 60
